# nThread 1 nGpus 1 minBytes 8 maxBytes 134217728 step: 2(factor) warmup iters: 100 iters: 1000 agg iters: 1 validation: 1 graph: 0
#
# Using devices
#  Rank  0 Group  0 Pid  31355 on   bjys1148 device  0 [0x2a] NVIDIA H20
#  Rank  1 Group  0 Pid  31356 on   bjys1148 device  1 [0x3a] NVIDIA H20
#  Rank  2 Group  0 Pid  31357 on   bjys1148 device  2 [0x4c] NVIDIA H20
#  Rank  3 Group  0 Pid  31358 on   bjys1148 device  3 [0x5c] NVIDIA H20
#  Rank  4 Group  0 Pid  31360 on   bjys1148 device  4 [0xaa] NVIDIA H20
#  Rank  5 Group  0 Pid  31363 on   bjys1148 device  5 [0xba] NVIDIA H20
#  Rank  6 Group  0 Pid  31366 on   bjys1148 device  6 [0xca] NVIDIA H20
#  Rank  7 Group  0 Pid  31369 on   bjys1148 device  7 [0xda] NVIDIA H20
#
#                                                              out-of-place                       in-place          
#       size         count      type   redop    root     time   algbw   busbw #wrong     time   algbw   busbw #wrong
#        (B)    (elements)                               (us)  (GB/s)  (GB/s)            (us)  (GB/s)  (GB/s)       
           8             1      int8    none       0     8.24    0.00    0.00      0     8.00    0.00    0.00      0
          16             2      int8    none       0     8.01    0.00    0.00      0     8.02    0.00    0.00      0
          32             4      int8    none       0     7.97    0.00    0.00      0     7.99    0.00    0.00      0
          64             8      int8    none       0     7.96    0.01    0.01      0     8.00    0.01    0.01      0
         128            16      int8    none       0     7.96    0.02    0.01      0     7.99    0.02    0.01      0
         256            32      int8    none       0     7.97    0.03    0.03      0     8.03    0.03    0.03      0
         512            64      int8    none       0     7.91    0.06    0.06      0     7.96    0.06    0.06      0
        1024           128      int8    none       0     7.98    0.13    0.11      0     7.99    0.13    0.11      0
        2048           256      int8    none       0     8.20    0.25    0.22      0     8.00    0.26    0.22      0
        4096           512      int8    none       0     7.94    0.52    0.45      0     7.98    0.51    0.45      0
        8192          1024      int8    none       0     7.98    1.03    0.90      0     7.97    1.03    0.90      0
       16384          2048      int8    none       0     7.98    2.05    1.80      0     7.97    2.06    1.80      0
       32768          4096      int8    none       0     7.99    4.10    3.59      0     7.96    4.12    3.60      0
       65536          8192      int8    none       0     8.45    7.76    6.79      0     8.69    7.55    6.60      0
      131072         16384      int8    none       0     9.86   13.30   11.64      0    10.25   12.78   11.19      0
      262144         32768      int8    none       0     9.54   27.47   24.04      0     9.56   27.41   23.99      0
      524288         65536      int8    none       0    10.38   50.52   44.21      0    10.39   50.47   44.16      0
     1048576        131072      int8    none       0    10.80   97.09   84.95      0    10.59   99.05   86.67      0
     2097152        262144      int8    none       0    12.49  167.94  146.95      0    12.51  167.70  146.74      0
     4194304        524288      int8    none       0    15.42  272.05  238.05      0    15.30  274.22  239.94      0
     8388608       1048576      int8    none       0    23.07  363.67  318.21      0    22.90  366.25  320.47      0
    16777216       2097152      int8    none       0    40.24  416.94  364.82      0    39.76  421.95  369.21      0
    33554432       4194304      int8    none       0    78.46  427.67  374.21      0    78.60  426.88  373.52      0
    67108864       8388608      int8    none       0    156.6  428.41  374.86      0    156.6  428.44  374.89      0
   134217728      16777216      int8    none       0    313.2  428.58  375.01      0    313.2  428.57  375.00      0
           8             1     uint8    none       0     7.26    0.00    0.00      0     7.27    0.00    0.00      0
          16             2     uint8    none       0     7.24    0.00    0.00      0     7.67    0.00    0.00      0
          32             4     uint8    none       0     7.24    0.00    0.00      0     7.28    0.00    0.00      0
          64             8     uint8    none       0     7.25    0.01    0.01      0     7.72    0.01    0.01      0
         128            16     uint8    none       0     7.72    0.02    0.01      0     7.74    0.02    0.01      0
         256            32     uint8    none       0     7.70    0.03    0.03      0     7.76    0.03    0.03      0
         512            64     uint8    none       0     7.73    0.07    0.06      0     7.74    0.07    0.06      0
        1024           128     uint8    none       0     7.71    0.13    0.12      0     7.84    0.13    0.11      0
        2048           256     uint8    none       0     7.78    0.26    0.23      0     7.83    0.26    0.23      0
        4096           512     uint8    none       0     7.77    0.53    0.46      0     7.82    0.52    0.46      0
        8192          1024     uint8    none       0     7.80    1.05    0.92      0     7.81    1.05    0.92      0
       16384          2048     uint8    none       0     7.78    2.10    1.84      0     7.85    2.09    1.83      0
       32768          4096     uint8    none       0     7.87    4.16    3.64      0     7.89    4.15    3.63      0
       65536          8192     uint8    none       0     8.41    7.79    6.82      0     8.64    7.59    6.64      0
      131072         16384     uint8    none       0     9.85   13.31   11.65      0    10.23   12.82   11.21      0
      262144         32768     uint8    none       0     9.54   27.49   24.05      0     9.56   27.41   23.99      0
      524288         65536     uint8    none       0    10.38   50.49   44.18      0    10.39   50.47   44.16      0
     1048576        131072     uint8    none       0    10.74   97.63   85.43      0    10.55   99.43   87.01      0
     2097152        262144     uint8    none       0    12.27  170.96  149.59      0    12.25  171.21  149.81      0
     4194304        524288     uint8    none       0    15.47  271.20  237.30      0    15.31  274.01  239.76      0
     8388608       1048576     uint8    none       0    22.97  365.19  319.54      0    22.87  366.80  320.95      0
    16777216       2097152     uint8    none       0    40.28  416.49  364.43      0    39.73  422.29  369.51      0
    33554432       4194304     uint8    none       0    78.52  427.35  373.93      0    78.53  427.26  373.85      0
    67108864       8388608     uint8    none       0    156.8  427.86  374.37      0    156.7  428.25  374.72      0
   134217728      16777216     uint8    none       0    313.2  428.57  375.00      0    313.2  428.60  375.02      0
           0             0     int32    none       0     0.05    0.00    0.00      0     0.04    0.00    0.00      0
           0             0     int32    none       0     0.05    0.00    0.00      0     0.04    0.00    0.00      0
          32             1     int32    none       0     7.29    0.00    0.00      0     7.34    0.00    0.00      0
          64             2     int32    none       0     7.24    0.01    0.01      0     7.64    0.01    0.01      0
         128             4     int32    none       0     7.27    0.02    0.02      0     7.34    0.02    0.02      0
         256             8     int32    none       0     7.24    0.04    0.03      0     7.62    0.03    0.03      0
         512            16     int32    none       0     7.70    0.07    0.06      0     7.69    0.07    0.06      0
        1024            32     int32    none       0     7.67    0.13    0.12      0     7.78    0.13    0.12      0
        2048            64     int32    none       0     7.69    0.27    0.23      0     7.69    0.27    0.23      0
        4096           128     int32    none       0     7.72    0.53    0.46      0     7.75    0.53    0.46      0
        8192           256     int32    none       0     7.74    1.06    0.93      0     7.79    1.05    0.92      0
       16384           512     int32    none       0     7.78    2.11    1.84      0     7.80    2.10    1.84      0
       32768          1024     int32    none       0     7.82    4.19    3.67      0     7.86    4.17    3.65      0
       65536          2048     int32    none       0     8.41    7.79    6.82      0     8.64    7.59    6.64      0
      131072          4096     int32    none       0     9.85   13.31   11.65      0    10.23   12.82   11.22      0
      262144          8192     int32    none       0     9.54   27.47   24.04      0     9.56   27.41   23.98      0
      524288         16384     int32    none       0    10.37   50.54   44.22      0    10.38   50.49   44.17      0
     1048576         32768     int32    none       0    10.74   97.64   85.44      0    10.57   99.24   86.83      0
     2097152         65536     int32    none       0    12.13  172.86  151.25      0    12.15  172.67  151.08      0
     4194304        131072     int32    none       0    15.34  273.51  239.32      0    15.14  277.05  242.42      0
     8388608        262144     int32    none       0    22.91  366.20  320.42      0    22.67  369.96  323.71      0
    16777216        524288     int32    none       0    40.12  418.19  365.92      0    39.76  422.00  369.25      0
    33554432       1048576     int32    none       0    78.48  427.53  374.09      0    78.55  427.16  373.77      0
    67108864       2097152     int32    none       0    156.7  428.29  374.76      0    156.8  428.09  374.58      0
   134217728       4194304     int32    none       0    313.2  428.57  375.00      0    313.2  428.56  374.99      0
           0             0    uint32    none       0     0.05    0.00    0.00      0     0.04    0.00    0.00      0
           0             0    uint32    none       0     0.05    0.00    0.00      0     0.04    0.00    0.00      0
          32             1    uint32    none       0     7.27    0.00    0.00      0     7.33    0.00    0.00      0
          64             2    uint32    none       0     7.24    0.01    0.01      0     7.59    0.01    0.01      0
         128             4    uint32    none       0     7.28    0.02    0.02      0     7.34    0.02    0.02      0
         256             8    uint32    none       0     7.24    0.04    0.03      0     7.55    0.03    0.03      0
         512            16    uint32    none       0     7.73    0.07    0.06      0     7.67    0.07    0.06      0
        1024            32    uint32    none       0     7.72    0.13    0.12      0     7.74    0.13    0.12      0
        2048            64    uint32    none       0     7.73    0.26    0.23      0     7.66    0.27    0.23      0
        4096           128    uint32    none       0     7.75    0.53    0.46      0     7.74    0.53    0.46      0
        8192           256    uint32    none       0     7.78    1.05    0.92      0     7.77    1.05    0.92      0
       16384           512    uint32    none       0     7.74    2.12    1.85      0     7.79    2.10    1.84      0
       32768          1024    uint32    none       0     7.81    4.20    3.67      0     7.85    4.17    3.65      0
       65536          2048    uint32    none       0     8.41    7.79    6.82      0     8.65    7.57    6.63      0
      131072          4096    uint32    none       0     9.85   13.31   11.65      0    10.22   12.82   11.22      0
      262144          8192    uint32    none       0     9.54   27.49   24.05      0     9.56   27.41   23.98      0
      524288         16384    uint32    none       0    10.38   50.53   44.22      0    10.38   50.51   44.19      0
     1048576         32768    uint32    none       0    10.78   97.27   85.11      0    10.54   99.45   87.02      0
     2097152         65536    uint32    none       0    12.13  172.91  151.29      0    12.15  172.65  151.07      0
     4194304        131072    uint32    none       0    15.28  274.49  240.18      0    15.36  273.13  238.99      0
     8388608        262144    uint32    none       0    23.03  364.21  318.69      0    23.01  364.53  318.97      0
    16777216        524288    uint32    none       0    40.18  417.60  365.40      0    39.58  423.84  370.86      0
    33554432       1048576    uint32    none       0    78.53  427.31  373.89      0    78.52  427.34  373.93      0
    67108864       2097152    uint32    none       0    156.8  428.08  374.57      0    156.7  428.20  374.67      0
   134217728       4194304    uint32    none       0    313.1  428.61  375.03      0    313.3  428.43  374.88      0
           0             0     int64    none       0     0.04    0.00    0.00      0     0.04    0.00    0.00      0
           0             0     int64    none       0     0.05    0.00    0.00      0     0.04    0.00    0.00      0
           0             0     int64    none       0     0.05    0.00    0.00      0     0.05    0.00    0.00      0
          64             1     int64    none       0     7.27    0.01    0.01      0     7.43    0.01    0.01      0
         128             2     int64    none       0     7.24    0.02    0.02      0     7.64    0.02    0.01      0
         256             4     int64    none       0     7.27    0.04    0.03      0     7.39    0.03    0.03      0
         512             8     int64    none       0     7.24    0.07    0.06      0     7.64    0.07    0.06      0
        1024            16     int64    none       0     7.76    0.13    0.12      0     7.73    0.13    0.12      0
        2048            32     int64    none       0     7.71    0.27    0.23      0     7.77    0.26    0.23      0
        4096            64     int64    none       0     7.75    0.53    0.46      0     7.71    0.53    0.46      0
        8192           128     int64    none       0     7.72    1.06    0.93      0     7.77    1.05    0.92      0
       16384           256     int64    none       0     7.83    2.09    1.83      0     7.77    2.11    1.85      0
       32768           512     int64    none       0     7.80    4.20    3.67      0     7.86    4.17    3.65      0
       65536          1024     int64    none       0     8.41    7.79    6.82      0     8.65    7.58    6.63      0
      131072          2048     int64    none       0     9.85   13.31   11.65      0    10.22   12.82   11.22      0
      262144          4096     int64    none       0     9.54   27.47   24.03      0     9.56   27.41   23.99      0
      524288          8192     int64    none       0    10.38   50.53   44.21      0    10.38   50.49   44.18      0
     1048576         16384     int64    none       0    10.73   97.75   85.53      0    10.55   99.38   86.96      0
     2097152         32768     int64    none       0    12.11  173.14  151.49      0    12.07  173.74  152.02      0
     4194304         65536     int64    none       0    15.63  268.41  234.86      0    15.48  270.89  237.03      0
     8388608        131072     int64    none       0    23.05  363.92  318.43      0    22.89  366.55  320.73      0
    16777216        262144     int64    none       0    40.05  418.86  366.51      0    39.71  422.45  369.64      0
    33554432        524288     int64    none       0    78.47  427.62  374.17      0    78.48  427.57  374.12      0
    67108864       1048576     int64    none       0    156.7  428.26  374.72      0    156.6  428.49  374.93      0
   134217728       2097152     int64    none       0    313.4  428.24  374.71      0    313.2  428.59  375.02      0
           0             0    uint64    none       0     0.05    0.00    0.00      0     0.04    0.00    0.00      0
           0             0    uint64    none       0     0.04    0.00    0.00      0     0.04    0.00    0.00      0
           0             0    uint64    none       0     0.04    0.00    0.00      0     0.05    0.00    0.00      0
          64             1    uint64    none       0     7.29    0.01    0.01      0     7.45    0.01    0.01      0
         128             2    uint64    none       0     7.25    0.02    0.02      0     7.64    0.02    0.01      0
         256             4    uint64    none       0     7.26    0.04    0.03      0     7.73    0.03    0.03      0
         512             8    uint64    none       0     7.25    0.07    0.06      0     7.59    0.07    0.06      0
        1024            16    uint64    none       0     7.71    0.13    0.12      0     7.68    0.13    0.12      0
        2048            32    uint64    none       0     7.66    0.27    0.23      0     7.71    0.27    0.23      0
        4096            64    uint64    none       0     7.68    0.53    0.47      0     7.68    0.53    0.47      0
        8192           128    uint64    none       0     7.74    1.06    0.93      0     7.75    1.06    0.93      0
       16384           256    uint64    none       0     7.77    2.11    1.84      0     7.78    2.11    1.84      0
       32768           512    uint64    none       0     7.80    4.20    3.68      0     7.85    4.17    3.65      0
       65536          1024    uint64    none       0     8.56    7.65    6.70      0     8.64    7.58    6.64      0
      131072          2048    uint64    none       0     9.85   13.30   11.64      0    10.22   12.82   11.22      0
      262144          4096    uint64    none       0     9.54   27.48   24.04      0     9.56   27.41   23.99      0
      524288          8192    uint64    none       0    10.38   50.52   44.20      0    10.38   50.53   44.21      0
     1048576         16384    uint64    none       0    10.73   97.72   85.51      0    10.54   99.45   87.01      0
     2097152         32768    uint64    none       0    12.05  173.97  152.22      0    12.14  172.69  151.10      0
     4194304         65536    uint64    none       0    15.36  273.09  238.95      0    15.29  274.28  239.99      0
     8388608        131072    uint64    none       0    23.06  363.75  318.28      0    22.72  369.15  323.01      0
    16777216        262144    uint64    none       0    40.12  418.14  365.87      0    39.70  422.61  369.78      0
    33554432        524288    uint64    none       0    78.52  427.32  373.91      0    78.38  428.11  374.60      0
    67108864       1048576    uint64    none       0    156.7  428.19  374.67      0    156.6  428.41  374.86      0
   134217728       2097152    uint64    none       0    313.2  428.58  375.01      0    313.4  428.22  374.69      0
           0             0      half    none       0     0.05    0.00    0.00      0     0.04    0.00    0.00      0
          16             1      half    none       0     7.24    0.00    0.00      0     7.29    0.00    0.00      0
          32             2      half    none       0     7.24    0.00    0.00      0     7.60    0.00    0.00      0
          64             4      half    none       0     7.28    0.01    0.01      0     7.34    0.01    0.01      0
         128             8      half    none       0     7.24    0.02    0.02      0     7.65    0.02    0.01      0
         256            16      half    none       0     7.69    0.03    0.03      0     7.67    0.03    0.03      0
         512            32      half    none       0     7.64    0.07    0.06      0     7.70    0.07    0.06      0
        1024            64      half    none       0     7.71    0.13    0.12      0     7.70    0.13    0.12      0
        2048           128      half    none       0     7.72    0.27    0.23      0     7.76    0.26    0.23      0
        4096           256      half    none       0     7.80    0.53    0.46      0     7.77    0.53    0.46      0
        8192           512      half    none       0     7.72    1.06    0.93      0     7.78    1.05    0.92      0
       16384          1024      half    none       0     7.82    2.10    1.83      0     7.81    2.10    1.83      0
       32768          2048      half    none       0     7.83    4.19    3.66      0     7.86    4.17    3.65      0
       65536          4096      half    none       0     8.41    7.79    6.82      0     8.65    7.58    6.63      0
      131072          8192      half    none       0     9.85   13.30   11.64      0    10.22   12.82   11.22      0
      262144         16384      half    none       0     9.55   27.46   24.03      0     9.56   27.42   24.00      0
      524288         32768      half    none       0    10.39   50.45   44.14      0    10.38   50.50   44.19      0
     1048576         65536      half    none       0    10.73   97.77   85.55      0    10.54   99.51   87.07      0
     2097152        131072      half    none       0    12.18  172.16  150.64      0    12.11  173.17  151.53      0
     4194304        262144      half    none       0    15.37  272.83  238.73      0    15.34  273.50  239.31      0
     8388608        524288      half    none       0    23.00  364.66  319.07      0    23.04  364.07  318.56      0
    16777216       1048576      half    none       0    40.20  417.34  365.17      0    39.74  422.17  369.40      0
    33554432       2097152      half    none       0    78.51  427.37  373.95      0    78.52  427.36  373.94      0
    67108864       4194304      half    none       0    156.9  427.81  374.34      0    156.7  428.35  374.80      0
   134217728       8388608      half    none       0    313.2  428.58  375.01      0    313.2  428.59  375.01      0
           0             0     float    none       0     0.04    0.00    0.00      0     0.04    0.00    0.00      0
           0             0     float    none       0     0.05    0.00    0.00      0     0.04    0.00    0.00      0
          32             1     float    none       0     7.27    0.00    0.00      0     7.34    0.00    0.00      0
          64             2     float    none       0     7.24    0.01    0.01      0     7.61    0.01    0.01      0
         128             4     float    none       0     7.26    0.02    0.02      0     7.33    0.02    0.02      0
         256             8     float    none       0     7.23    0.04    0.03      0     7.63    0.03    0.03      0
         512            16     float    none       0     7.71    0.07    0.06      0     7.72    0.07    0.06      0
        1024            32     float    none       0     7.67    0.13    0.12      0     7.76    0.13    0.12      0
        2048            64     float    none       0     7.68    0.27    0.23      0     7.75    0.26    0.23      0
        4096           128     float    none       0     7.69    0.53    0.47      0     7.70    0.53    0.47      0
        8192           256     float    none       0     7.74    1.06    0.93      0     7.79    1.05    0.92      0
       16384           512     float    none       0     7.73    2.12    1.85      0     7.80    2.10    1.84      0
       32768          1024     float    none       0     7.82    4.19    3.67      0     7.86    4.17    3.65      0
       65536          2048     float    none       0     8.41    7.79    6.82      0     8.63    7.59    6.64      0
      131072          4096     float    none       0     9.84   13.32   11.65      0    10.23   12.81   11.21      0
      262144          8192     float    none       0     9.54   27.48   24.04      0     9.56   27.41   23.99      0
      524288         16384     float    none       0    10.38   50.53   44.21      0    10.38   50.53   44.22      0
     1048576         32768     float    none       0    10.74   97.62   85.42      0    10.55   99.42   86.99      0
     2097152         65536     float    none       0    12.06  173.84  152.11      0    12.08  173.63  151.93      0
     4194304        131072     float    none       0    15.79  265.66  232.45      0    15.44  271.69  237.73      0
     8388608        262144     float    none       0    23.02  364.42  318.87      0    22.68  369.95  323.70      0
    16777216        524288     float    none       0    39.92  420.31  367.78      0    39.72  422.35  369.56      0
    33554432       1048576     float    none       0    78.41  427.95  374.46      0    78.79  425.89  372.65      0
    67108864       2097152     float    none       0    156.7  428.29  374.75      0    156.6  428.44  374.88      0
   134217728       4194304     float    none       0    313.2  428.58  375.01      0    313.2  428.58  375.01      0
           0             0    double    none       0     0.04    0.00    0.00      0     0.04    0.00    0.00      0
           0             0    double    none       0     0.04    0.00    0.00      0     0.05    0.00    0.00      0
           0             0    double    none       0     0.04    0.00    0.00      0     0.04    0.00    0.00      0
          64             1    double    none       0     7.29    0.01    0.01      0     7.44    0.01    0.01      0
         128             2    double    none       0     7.24    0.02    0.02      0     7.65    0.02    0.01      0
         256             4    double    none       0     7.34    0.03    0.03      0     7.39    0.03    0.03      0
         512             8    double    none       0     7.23    0.07    0.06      0     7.63    0.07    0.06      0
        1024            16    double    none       0     7.75    0.13    0.12      0     7.75    0.13    0.12      0
        2048            32    double    none       0     7.74    0.26    0.23      0     7.78    0.26    0.23      0
        4096            64    double    none       0     7.72    0.53    0.46      0     7.72    0.53    0.46      0
        8192           128    double    none       0     7.72    1.06    0.93      0     7.78    1.05    0.92      0
       16384           256    double    none       0     7.83    2.09    1.83      0     7.79    2.10    1.84      0
       32768           512    double    none       0     7.84    4.18    3.66      0     7.85    4.17    3.65      0
       65536          1024    double    none       0     8.42    7.79    6.81      0     8.65    7.58    6.63      0
      131072          2048    double    none       0     9.84   13.32   11.66      0    10.21   12.84   11.24      0
      262144          4096    double    none       0     9.54   27.48   24.04      0     9.58   27.37   23.95      0
      524288          8192    double    none       0    10.38   50.49   44.18      0    10.38   50.49   44.18      0
     1048576         16384    double    none       0    10.74   97.66   85.45      0    10.54   99.51   87.07      0
     2097152         32768    double    none       0    12.18  172.16  150.64      0    12.17  172.39  150.84      0
     4194304         65536    double    none       0    15.47  271.05  237.17      0    15.18  276.25  241.71      0
     8388608        131072    double    none       0    22.83  367.48  321.54      0    23.12  362.79  317.45      0
    16777216        262144    double    none       0    40.14  417.93  365.69      0    39.62  423.48  370.54      0
    33554432        524288    double    none       0    78.49  427.52  374.08      0    78.45  427.70  374.24      0
    67108864       1048576    double    none       0    156.7  428.37  374.83      0    156.9  427.65  374.20      0
   134217728       2097152    double    none       0    313.2  428.57  375.00      0    313.2  428.58  375.01      0
           0             0  bfloat16    none       0     0.05    0.00    0.00      0     0.04    0.00    0.00      0
          16             1  bfloat16    none       0     7.28    0.00    0.00      0     7.30    0.00    0.00      0
          32             2  bfloat16    none       0     7.24    0.00    0.00      0     7.66    0.00    0.00      0
          64             4  bfloat16    none       0     7.30    0.01    0.01      0     7.33    0.01    0.01      0
         128             8  bfloat16    none       0     7.24    0.02    0.02      0     7.59    0.02    0.01      0
         256            16  bfloat16    none       0     7.73    0.03    0.03      0     7.69    0.03    0.03      0
         512            32  bfloat16    none       0     7.70    0.07    0.06      0     7.71    0.07    0.06      0
        1024            64  bfloat16    none       0     7.72    0.13    0.12      0     7.69    0.13    0.12      0
        2048           128  bfloat16    none       0     7.73    0.26    0.23      0     7.75    0.26    0.23      0
        4096           256  bfloat16    none       0     7.75    0.53    0.46      0     7.75    0.53    0.46      0
        8192           512  bfloat16    none       0     7.74    1.06    0.93      0     7.78    1.05    0.92      0
       16384          1024  bfloat16    none       0     7.80    2.10    1.84      0     7.76    2.11    1.85      0
       32768          2048  bfloat16    none       0     7.82    4.19    3.67      0     7.85    4.17    3.65      0
       65536          4096  bfloat16    none       0     8.40    7.80    6.82      0     8.65    7.58    6.63      0
      131072          8192  bfloat16    none       0     9.84   13.32   11.65      0    10.22   12.82   11.22      0
      262144         16384  bfloat16    none       0     9.53   27.50   24.06      0     9.56   27.42   24.00      0
      524288         32768  bfloat16    none       0    10.37   50.58   44.26      0    10.39   50.46   44.15      0
     1048576         65536  bfloat16    none       0    10.75   97.56   85.37      0    10.55   99.36   86.94      0
     2097152        131072  bfloat16    none       0    12.18  172.16  150.64      0    12.18  172.23  150.70      0
     4194304        262144  bfloat16    none       0    15.46  271.28  237.37      0    15.53  270.13  236.36      0
     8388608        524288  bfloat16    none       0    22.83  367.44  321.51      0    22.76  368.50  322.43      0
    16777216       1048576  bfloat16    none       0    40.16  417.81  365.58      0    39.73  422.31  369.52      0
    33554432       2097152  bfloat16    none       0    78.45  427.73  374.27      0    78.87  425.44  372.26      0
    67108864       4194304  bfloat16    none       0    156.7  428.37  374.82      0    156.6  428.48  374.92      0
   134217728       8388608  bfloat16    none       0    313.2  428.59  375.01      0    313.2  428.58  375.01      0
# Out of bounds values : 0 OK
# Avg bus bandwidth    : 95.2173 
#

