# nThread 1 nGpus 1 minBytes 8 maxBytes 134217728 step: 2(factor) warmup iters: 100 iters: 1000 agg iters: 1 validation: 1 graph: 0
#
# Using devices
#  Rank  0 Group  0 Pid  29438 on   bjys1148 device  0 [0x2a] NVIDIA H20
#  Rank  1 Group  0 Pid  29439 on   bjys1148 device  1 [0x3a] NVIDIA H20
#  Rank  2 Group  0 Pid  29440 on   bjys1148 device  2 [0x4c] NVIDIA H20
#  Rank  3 Group  0 Pid  29441 on   bjys1148 device  3 [0x5c] NVIDIA H20
#
#                                                              out-of-place                       in-place          
#       size         count      type   redop    root     time   algbw   busbw #wrong     time   algbw   busbw #wrong
#        (B)    (elements)                               (us)  (GB/s)  (GB/s)            (us)  (GB/s)  (GB/s)       
           8             8      int8     sum      -1    11.29    0.00    0.00      0    10.46    0.00    0.00      0
          16            16      int8     sum      -1    10.57    0.00    0.00      0    10.55    0.00    0.00      0
          32            32      int8     sum      -1    10.64    0.00    0.00      0    10.58    0.00    0.00      0
          64            64      int8     sum      -1    10.74    0.01    0.01      0    10.64    0.01    0.01      0
         128           128      int8     sum      -1    10.80    0.01    0.02      0    10.70    0.01    0.02      0
         256           256      int8     sum      -1    11.32    0.02    0.03      0    10.73    0.02    0.04      0
         512           512      int8     sum      -1    11.11    0.05    0.07      0    10.78    0.05    0.07      0
        1024          1024      int8     sum      -1    11.54    0.09    0.13      0    11.26    0.09    0.14      0
        2048          2048      int8     sum      -1    11.87    0.17    0.26      0    11.56    0.18    0.27      0
        4096          4096      int8     sum      -1    12.40    0.33    0.50      0    11.74    0.35    0.52      0
        8192          8192      int8     sum      -1    12.40    0.66    0.99      0    12.06    0.68    1.02      0
       16384         16384      int8     sum      -1    13.72    1.19    1.79      0    13.39    1.22    1.83      0
       32768         32768      int8     sum      -1    14.01    2.34    3.51      0    13.96    2.35    3.52      0
       65536         65536      int8     sum      -1    14.42    4.55    6.82      0    14.43    4.54    6.81      0
      131072        131072      int8     sum      -1    14.61    8.97   13.46      0    14.61    8.97   13.46      0
      262144        262144      int8     sum      -1    14.78   17.74   26.61      0    14.76   17.76   26.63      0
      524288        524288      int8     sum      -1    17.81   29.43   44.14      0    17.78   29.49   44.24      0
     1048576       1048576      int8     sum      -1    23.84   43.98   65.98      0    23.87   43.93   65.89      0
     2097152       2097152      int8     sum      -1    36.13   58.04   87.06      0    36.07   58.15   87.22      0
     4194304       4194304      int8     sum      -1    41.31  101.52  152.28      0    40.88  102.60  153.90      0
     8388608       8388608      int8     sum      -1    60.49  138.69  208.03      0    60.02  139.76  209.64      0
    16777216      16777216      int8     sum      -1    103.8  161.56  242.34      0    102.5  163.69  245.54      0
    33554432      33554432      int8     sum      -1    176.4  190.19  285.29      0    175.0  191.70  287.54      0
    67108864      67108864      int8     sum      -1    331.3  202.57  303.85      0    334.6  200.56  300.83      0
   134217728     134217728      int8     sum      -1    635.6  211.17  316.75      0    638.1  210.34  315.51      0
           8             8     uint8     sum      -1    10.48    0.00    0.00      0    10.55    0.00    0.00      0
          16            16     uint8     sum      -1    10.58    0.00    0.00      0    10.54    0.00    0.00      0
          32            32     uint8     sum      -1    10.64    0.00    0.00      0    10.58    0.00    0.00      0
          64            64     uint8     sum      -1    10.75    0.01    0.01      0    10.65    0.01    0.01      0
         128           128     uint8     sum      -1    10.79    0.01    0.02      0    10.70    0.01    0.02      0
         256           256     uint8     sum      -1    11.33    0.02    0.03      0    10.73    0.02    0.04      0
         512           512     uint8     sum      -1    11.12    0.05    0.07      0    10.78    0.05    0.07      0
        1024          1024     uint8     sum      -1    11.48    0.09    0.13      0    11.26    0.09    0.14      0
        2048          2048     uint8     sum      -1    11.87    0.17    0.26      0    11.55    0.18    0.27      0
        4096          4096     uint8     sum      -1    12.12    0.34    0.51      0    11.79    0.35    0.52      0
        8192          8192     uint8     sum      -1    12.40    0.66    0.99      0    12.05    0.68    1.02      0
       16384         16384     uint8     sum      -1    13.71    1.20    1.79      0    13.40    1.22    1.83      0
       32768         32768     uint8     sum      -1    14.03    2.34    3.50      0    13.94    2.35    3.53      0
       65536         65536     uint8     sum      -1    14.37    4.56    6.84      0    14.44    4.54    6.81      0
      131072        131072     uint8     sum      -1    14.56    9.00   13.50      0    14.55    9.01   13.51      0
      262144        262144     uint8     sum      -1    14.74   17.78   26.67      0    14.76   17.75   26.63      0
      524288        524288     uint8     sum      -1    17.79   29.48   44.21      0    17.77   29.50   44.26      0
     1048576       1048576     uint8     sum      -1    23.86   43.94   65.91      0    23.84   43.98   65.98      0
     2097152       2097152     uint8     sum      -1    36.40   57.61   86.41      0    36.00   58.25   87.37      0
     4194304       4194304     uint8     sum      -1    41.33  101.48  152.22      0    40.92  102.51  153.77      0
     8388608       8388608     uint8     sum      -1    60.47  138.73  208.10      0    60.26  139.20  208.80      0
    16777216      16777216     uint8     sum      -1    104.0  161.28  241.93      0    102.5  163.61  245.42      0
    33554432      33554432     uint8     sum      -1    175.9  190.76  286.14      0    175.2  191.55  287.32      0
    67108864      67108864     uint8     sum      -1    334.1  200.89  301.34      0    331.9  202.18  303.28      0
   134217728     134217728     uint8     sum      -1    637.9  210.41  315.62      0    639.5  209.87  314.81      0
           8             2     int32     sum      -1    21.51    0.00    0.00      0    21.47    0.00    0.00      0
          16             4     int32     sum      -1    20.58    0.00    0.00      0    20.53    0.00    0.00      0
          32             8     int32     sum      -1    20.61    0.00    0.00      0    20.54    0.00    0.00      0
          64            16     int32     sum      -1    20.74    0.00    0.00      0    20.55    0.00    0.00      0
         128            32     int32     sum      -1    20.75    0.01    0.01      0    20.55    0.01    0.01      0
         256            64     int32     sum      -1    20.79    0.01    0.02      0    20.58    0.01    0.02      0
         512           128     int32     sum      -1    21.00    0.02    0.04      0    20.57    0.02    0.04      0
        1024           256     int32     sum      -1    21.68    0.05    0.07      0    21.46    0.05    0.07      0
        2048           512     int32     sum      -1    20.88    0.10    0.15      0    20.65    0.10    0.15      0
        4096          1024     int32     sum      -1    20.72    0.20    0.30      0    20.51    0.20    0.30      0
        8192          2048     int32     sum      -1    21.43    0.38    0.57      0    21.15    0.39    0.58      0
       16384          4096     int32     sum      -1    21.93    0.75    1.12      0    21.91    0.75    1.12      0
       32768          8192     int32     sum      -1    22.39    1.46    2.20      0    22.35    1.47    2.20      0
       65536         16384     int32     sum      -1    22.65    2.89    4.34      0    22.66    2.89    4.34      0
      131072         32768     int32     sum      -1    24.12    5.43    8.15      0    24.06    5.45    8.17      0
      262144         65536     int32     sum      -1    27.17    9.65   14.47      0    27.06    9.69   14.53      0
      524288        131072     int32     sum      -1    28.40   18.46   27.69      0    28.26   18.55   27.83      0
     1048576        262144     int32     sum      -1    31.97   32.80   49.20      0    31.77   33.00   49.50      0
     2097152        524288     int32     sum      -1    38.44   54.56   81.85      0    38.17   54.95   82.42      0
     4194304       1048576     int32     sum      -1    51.90   80.81  121.22      0    51.55   81.37  122.05      0
     8388608       2097152     int32     sum      -1    73.75  113.75  170.62      0    73.14  114.70  172.05      0
    16777216       4194304     int32     sum      -1    114.0  147.19  220.78      0    112.9  148.66  222.99      0
    33554432       8388608     int32     sum      -1    188.9  177.66  266.49      0    188.9  177.68  266.52      0
    67108864      16777216     int32     sum      -1    331.2  202.61  303.92      0    331.3  202.58  303.87      0
   134217728      33554432     int32     sum      -1    611.5  219.50  329.25      0    612.9  218.99  328.49      0
           8             2    uint32     sum      -1    21.53    0.00    0.00      0    21.42    0.00    0.00      0
          16             4    uint32     sum      -1    20.55    0.00    0.00      0    20.55    0.00    0.00      0
          32             8    uint32     sum      -1    20.66    0.00    0.00      0    20.54    0.00    0.00      0
          64            16    uint32     sum      -1    20.73    0.00    0.00      0    20.55    0.00    0.00      0
         128            32    uint32     sum      -1    20.74    0.01    0.01      0    20.56    0.01    0.01      0
         256            64    uint32     sum      -1    20.80    0.01    0.02      0    20.58    0.01    0.02      0
         512           128    uint32     sum      -1    21.11    0.02    0.04      0    20.55    0.02    0.04      0
        1024           256    uint32     sum      -1    21.64    0.05    0.07      0    21.46    0.05    0.07      0
        2048           512    uint32     sum      -1    20.87    0.10    0.15      0    20.64    0.10    0.15      0
        4096          1024    uint32     sum      -1    20.72    0.20    0.30      0    20.51    0.20    0.30      0
        8192          2048    uint32     sum      -1    21.39    0.38    0.57      0    21.20    0.39    0.58      0
       16384          4096    uint32     sum      -1    21.99    0.75    1.12      0    21.93    0.75    1.12      0
       32768          8192    uint32     sum      -1    22.40    1.46    2.19      0    22.35    1.47    2.20      0
       65536         16384    uint32     sum      -1    22.68    2.89    4.33      0    22.65    2.89    4.34      0
      131072         32768    uint32     sum      -1    24.13    5.43    8.15      0    24.03    5.45    8.18      0
      262144         65536    uint32     sum      -1    27.22    9.63   14.44      0    27.13    9.66   14.49      0
      524288        131072    uint32     sum      -1    28.55   18.36   27.54      0    28.40   18.46   27.69      0
     1048576        262144    uint32     sum      -1    32.10   32.67   49.00      0    31.91   32.86   49.30      0
     2097152        524288    uint32     sum      -1    38.64   54.27   81.41      0    38.31   54.74   82.11      0
     4194304       1048576    uint32     sum      -1    52.31   80.19  120.28      0    51.96   80.73  121.09      0
     8388608       2097152    uint32     sum      -1    73.85  113.58  170.38      0    73.36  114.35  171.53      0
    16777216       4194304    uint32     sum      -1    114.1  147.01  220.52      0    113.1  148.29  222.44      0
    33554432       8388608    uint32     sum      -1    190.8  175.87  263.81      0    190.8  175.89  263.83      0
    67108864      16777216    uint32     sum      -1    334.1  200.89  301.34      0    334.3  200.73  301.10      0
   134217728      33554432    uint32     sum      -1    616.6  217.66  326.49      0    616.7  217.65  326.48      0
           8             1     int64     sum      -1    21.74    0.00    0.00      0    21.71    0.00    0.00      0
          16             2     int64     sum      -1    20.69    0.00    0.00      0    20.65    0.00    0.00      0
          32             4     int64     sum      -1    20.73    0.00    0.00      0    20.64    0.00    0.00      0
          64             8     int64     sum      -1    20.82    0.00    0.00      0    20.65    0.00    0.00      0
         128            16     int64     sum      -1    20.86    0.01    0.01      0    20.66    0.01    0.01      0
         256            32     int64     sum      -1    20.89    0.01    0.02      0    20.68    0.01    0.02      0
         512            64     int64     sum      -1    21.10    0.02    0.04      0    20.68    0.02    0.04      0
        1024           128     int64     sum      -1    20.94    0.05    0.07      0    20.77    0.05    0.07      0
        2048           256     int64     sum      -1    20.94    0.10    0.15      0    20.71    0.10    0.15      0
        4096           512     int64     sum      -1    20.84    0.20    0.29      0    20.61    0.20    0.30      0
        8192          1024     int64     sum      -1    21.59    0.38    0.57      0    21.24    0.39    0.58      0
       16384          2048     int64     sum      -1    22.18    0.74    1.11      0    22.07    0.74    1.11      0
       32768          4096     int64     sum      -1    22.50    1.46    2.18      0    22.49    1.46    2.19      0
       65536          8192     int64     sum      -1    22.77    2.88    4.32      0    22.76    2.88    4.32      0
      131072         16384     int64     sum      -1    24.31    5.39    8.09      0    24.27    5.40    8.10      0
      262144         32768     int64     sum      -1    27.39    9.57   14.36      0    27.32    9.60   14.39      0
      524288         65536     int64     sum      -1    28.54   18.37   27.56      0    28.39   18.47   27.70      0
     1048576        131072     int64     sum      -1    32.12   32.64   48.97      0    31.93   32.84   49.25      0
     2097152        262144     int64     sum      -1    38.49   54.48   81.72      0    38.25   54.82   82.23      0
     4194304        524288     int64     sum      -1    52.34   80.13  120.20      0    51.66   81.20  121.80      0
     8388608       1048576     int64     sum      -1    73.89  113.54  170.30      0    73.29  114.45  171.68      0
    16777216       2097152     int64     sum      -1    114.0  147.18  220.77      0    113.4  147.97  221.96      0
    33554432       4194304     int64     sum      -1    187.6  178.86  268.29      0    187.7  178.81  268.21      0
    67108864       8388608     int64     sum      -1    328.3  204.38  306.58      0    329.0  203.99  305.99      0
   134217728      16777216     int64     sum      -1    607.8  220.82  331.23      0    607.6  220.88  331.32      0
           8             1    uint64     sum      -1    21.75    0.00    0.00      0    21.71    0.00    0.00      0
          16             2    uint64     sum      -1    20.69    0.00    0.00      0    20.64    0.00    0.00      0
          32             4    uint64     sum      -1    20.71    0.00    0.00      0    20.65    0.00    0.00      0
          64             8    uint64     sum      -1    20.83    0.00    0.00      0    20.65    0.00    0.00      0
         128            16    uint64     sum      -1    20.87    0.01    0.01      0    20.66    0.01    0.01      0
         256            32    uint64     sum      -1    20.87    0.01    0.02      0    20.67    0.01    0.02      0
         512            64    uint64     sum      -1    21.19    0.02    0.04      0    20.69    0.02    0.04      0
        1024           128    uint64     sum      -1    20.94    0.05    0.07      0    20.74    0.05    0.07      0
        2048           256    uint64     sum      -1    20.94    0.10    0.15      0    20.70    0.10    0.15      0
        4096           512    uint64     sum      -1    20.83    0.20    0.29      0    20.60    0.20    0.30      0
        8192          1024    uint64     sum      -1    21.58    0.38    0.57      0    21.27    0.39    0.58      0
       16384          2048    uint64     sum      -1    22.16    0.74    1.11      0    22.14    0.74    1.11      0
       32768          4096    uint64     sum      -1    22.50    1.46    2.18      0    22.47    1.46    2.19      0
       65536          8192    uint64     sum      -1    22.79    2.88    4.31      0    22.79    2.88    4.31      0
      131072         16384    uint64     sum      -1    24.32    5.39    8.08      0    24.25    5.41    8.11      0
      262144         32768    uint64     sum      -1    27.45    9.55   14.32      0    27.36    9.58   14.37      0
      524288         65536    uint64     sum      -1    28.69   18.27   27.41      0    28.55   18.36   27.54      0
     1048576        131072    uint64     sum      -1    32.32   32.45   48.67      0    32.09   32.68   49.01      0
     2097152        262144    uint64     sum      -1    38.69   54.20   81.30      0    38.39   54.63   81.94      0
     4194304        524288    uint64     sum      -1    52.39   80.06  120.10      0    52.09   80.52  120.78      0
     8388608       1048576    uint64     sum      -1    74.02  113.33  170.00      0    73.42  114.25  171.37      0
    16777216       2097152    uint64     sum      -1    114.1  146.98  220.47      0    113.2  148.18  222.27      0
    33554432       4194304    uint64     sum      -1    190.0  176.61  264.91      0    189.6  176.93  265.40      0
    67108864       8388608    uint64     sum      -1    331.7  202.30  303.46      0    331.9  202.17  303.26      0
   134217728      16777216    uint64     sum      -1    611.5  219.47  329.21      0    611.0  219.66  329.48      0
           8             4      half     sum      -1    22.08    0.00    0.00      0    22.05    0.00    0.00      0
          16             8      half     sum      -1    21.10    0.00    0.00      0    21.04    0.00    0.00      0
          32            16      half     sum      -1    21.13    0.00    0.00      0    21.29    0.00    0.00      0
          64            32      half     sum      -1    21.18    0.00    0.00      0    21.06    0.00    0.00      0
         128            64      half     sum      -1    21.19    0.01    0.01      0    21.05    0.01    0.01      0
         256           128      half     sum      -1    21.27    0.01    0.02      0    21.08    0.01    0.02      0
         512           256      half     sum      -1    21.42    0.02    0.04      0    21.06    0.02    0.04      0
        1024           512      half     sum      -1    21.33    0.05    0.07      0    21.17    0.05    0.07      0
        2048          1024      half     sum      -1    21.46    0.10    0.14      0    21.24    0.10    0.14      0
        4096          2048      half     sum      -1    21.21    0.19    0.29      0    21.05    0.19    0.29      0
        8192          4096      half     sum      -1    21.91    0.37    0.56      0    21.81    0.38    0.56      0
       16384          8192      half     sum      -1    22.60    0.73    1.09      0    22.52    0.73    1.09      0
       32768         16384      half     sum      -1    22.95    1.43    2.14      0    22.86    1.43    2.15      0
       65536         32768      half     sum      -1    23.50    2.79    4.18      0    23.28    2.81    4.22      0
      131072         65536      half     sum      -1    24.60    5.33    7.99      0    24.52    5.35    8.02      0
      262144        131072      half     sum      -1    27.56    9.51   14.27      0    27.49    9.53   14.30      0
      524288        262144      half     sum      -1    28.53   18.37   27.56      0    28.37   18.48   27.72      0
     1048576        524288      half     sum      -1    31.68   33.10   49.65      0    31.47   33.32   49.97      0
     2097152       1048576      half     sum      -1    38.43   54.56   81.85      0    38.13   55.00   82.50      0
     4194304       2097152      half     sum      -1    54.81   76.52  114.78      0    54.54   76.91  115.36      0
     8388608       4194304      half     sum      -1    75.99  110.39  165.58      0    75.43  111.21  166.81      0
    16777216       8388608      half     sum      -1    115.8  144.89  217.34      0    114.9  146.06  219.09      0
    33554432      16777216      half     sum      -1    187.6  178.83  268.24      0    187.9  178.61  267.92      0
    67108864      33554432      half     sum      -1    323.4  207.52  311.27      0    323.4  207.52  311.28      0
   134217728      67108864      half     sum      -1    595.1  225.52  338.28      0    595.1  225.52  338.28      0
           8             2     float     sum      -1    21.63    0.00    0.00      0    21.65    0.00    0.00      0
          16             4     float     sum      -1    20.65    0.00    0.00      0    20.62    0.00    0.00      0
          32             8     float     sum      -1    20.70    0.00    0.00      0    20.63    0.00    0.00      0
          64            16     float     sum      -1    20.73    0.00    0.00      0    20.62    0.00    0.00      0
         128            32     float     sum      -1    20.77    0.01    0.01      0    20.63    0.01    0.01      0
         256            64     float     sum      -1    20.83    0.01    0.02      0    20.65    0.01    0.02      0
         512           128     float     sum      -1    21.10    0.02    0.04      0    20.65    0.02    0.04      0
        1024           256     float     sum      -1    20.90    0.05    0.07      0    20.77    0.05    0.07      0
        2048           512     float     sum      -1    21.00    0.10    0.15      0    20.91    0.10    0.15      0
        4096          1024     float     sum      -1    20.78    0.20    0.30      0    20.66    0.20    0.30      0
        8192          2048     float     sum      -1    21.50    0.38    0.57      0    21.43    0.38    0.57      0
       16384          4096     float     sum      -1    22.11    0.74    1.11      0    22.07    0.74    1.11      0
       32768          8192     float     sum      -1    22.52    1.45    2.18      0    22.46    1.46    2.19      0
       65536         16384     float     sum      -1    22.79    2.88    4.31      0    22.83    2.87    4.31      0
      131072         32768     float     sum      -1    24.26    5.40    8.10      0    24.20    5.42    8.12      0
      262144         65536     float     sum      -1    27.41    9.56   14.35      0    27.28    9.61   14.41      0
      524288        131072     float     sum      -1    28.59   18.34   27.51      0    28.44   18.43   27.65      0
     1048576        262144     float     sum      -1    31.72   33.05   49.58      0    31.49   33.30   49.95      0
     2097152        524288     float     sum      -1    38.48   54.50   81.75      0    38.15   54.97   82.46      0
     4194304       1048576     float     sum      -1    55.22   75.96  113.94      0    54.85   76.47  114.70      0
     8388608       2097152     float     sum      -1    76.84  109.17  163.76      0    76.25  110.01  165.01      0
    16777216       4194304     float     sum      -1    116.9  143.56  215.34      0    115.8  144.86  217.29      0
    33554432       8388608     float     sum      -1    187.8  178.63  267.95      0    187.8  178.69  268.04      0
    67108864      16777216     float     sum      -1    324.3  206.92  310.38      0    324.2  206.97  310.46      0
   134217728      33554432     float     sum      -1    597.3  224.69  337.03      0    597.3  224.71  337.07      0
           8             1    double     sum      -1    21.86    0.00    0.00      0    21.83    0.00    0.00      0
          16             2    double     sum      -1    20.97    0.00    0.00      0    20.93    0.00    0.00      0
          32             4    double     sum      -1    20.99    0.00    0.00      0    20.89    0.00    0.00      0
          64             8    double     sum      -1    21.05    0.00    0.00      0    20.90    0.00    0.00      0
         128            16    double     sum      -1    21.12    0.01    0.01      0    20.84    0.01    0.01      0
         256            32    double     sum      -1    21.15    0.01    0.02      0    20.93    0.01    0.02      0
         512            64    double     sum      -1    21.33    0.02    0.04      0    20.92    0.02    0.04      0
        1024           128    double     sum      -1    21.16    0.05    0.07      0    20.98    0.05    0.07      0
        2048           256    double     sum      -1    21.08    0.10    0.15      0    20.84    0.10    0.15      0
        4096           512    double     sum      -1    20.93    0.20    0.29      0    20.72    0.20    0.30      0
        8192          1024    double     sum      -1    21.46    0.38    0.57      0    21.45    0.38    0.57      0
       16384          2048    double     sum      -1    22.17    0.74    1.11      0    22.08    0.74    1.11      0
       32768          4096    double     sum      -1    22.55    1.45    2.18      0    22.55    1.45    2.18      0
       65536          8192    double     sum      -1    22.80    2.87    4.31      0    22.81    2.87    4.31      0
      131072         16384    double     sum      -1    24.30    5.39    8.09      0    24.27    5.40    8.10      0
      262144         32768    double     sum      -1    27.37    9.58   14.36      0    27.32    9.59   14.39      0
      524288         65536    double     sum      -1    28.64   18.31   27.46      0    28.48   18.41   27.61      0
     1048576        131072    double     sum      -1    32.26   32.50   48.76      0    32.37   32.39   48.59      0
     2097152        262144    double     sum      -1    38.48   54.51   81.76      0    38.24   54.84   82.25      0
     4194304        524288    double     sum      -1    52.00   80.65  120.98      0    51.68   81.16  121.74      0
     8388608       1048576    double     sum      -1    73.97  113.41  170.11      0    73.32  114.42  171.62      0
    16777216       2097152    double     sum      -1    114.0  147.16  220.74      0    113.0  148.42  222.63      0
    33554432       4194304    double     sum      -1    187.8  178.63  267.95      0    187.8  178.70  268.04      0
    67108864       8388608    double     sum      -1    328.8  204.12  306.18      0    329.1  203.91  305.86      0
   134217728      16777216    double     sum      -1    607.5  220.93  331.40      0    608.4  220.60  330.91      0
           8             4  bfloat16     sum      -1    22.08    0.00    0.00      0    22.11    0.00    0.00      0
          16             8  bfloat16     sum      -1    21.18    0.00    0.00      0    21.16    0.00    0.00      0
          32            16  bfloat16     sum      -1    21.19    0.00    0.00      0    21.20    0.00    0.00      0
          64            32  bfloat16     sum      -1    21.24    0.00    0.00      0    21.14    0.00    0.00      0
         128            64  bfloat16     sum      -1    21.26    0.01    0.01      0    21.17    0.01    0.01      0
         256           128  bfloat16     sum      -1    21.32    0.01    0.02      0    21.20    0.01    0.02      0
         512           256  bfloat16     sum      -1    21.57    0.02    0.04      0    21.16    0.02    0.04      0
        1024           512  bfloat16     sum      -1    21.39    0.05    0.07      0    21.29    0.05    0.07      0
        2048          1024  bfloat16     sum      -1    21.50    0.10    0.14      0    21.34    0.10    0.14      0
        4096          2048  bfloat16     sum      -1    21.19    0.19    0.29      0    21.06    0.19    0.29      0
        8192          4096  bfloat16     sum      -1    21.98    0.37    0.56      0    21.78    0.38    0.56      0
       16384          8192  bfloat16     sum      -1    22.54    0.73    1.09      0    22.42    0.73    1.10      0
       32768         16384  bfloat16     sum      -1    22.93    1.43    2.14      0    22.89    1.43    2.15      0
       65536         32768  bfloat16     sum      -1    23.21    2.82    4.24      0    23.27    2.82    4.22      0
      131072         65536  bfloat16     sum      -1    24.57    5.34    8.00      0    24.54    5.34    8.01      0
      262144        131072  bfloat16     sum      -1    27.59    9.50   14.25      0    27.49    9.53   14.30      0
      524288        262144  bfloat16     sum      -1    28.70   18.27   27.40      0    28.55   18.37   27.55      0
     1048576        524288  bfloat16     sum      -1    31.93   32.84   49.26      0    31.68   33.10   49.64      0
     2097152       1048576  bfloat16     sum      -1    38.75   54.12   81.18      0    38.38   54.64   81.96      0
     4194304       2097152  bfloat16     sum      -1    55.35   75.78  113.67      0    55.05   76.19  114.28      0
     8388608       4194304  bfloat16     sum      -1    76.95  109.02  163.53      0    76.39  109.81  164.71      0
    16777216       8388608  bfloat16     sum      -1    117.2  143.12  214.68      0    116.2  144.39  216.58      0
    33554432      16777216  bfloat16     sum      -1    188.5  178.04  267.06      0    188.8  177.75  266.63      0
    67108864      33554432  bfloat16     sum      -1    324.8  206.63  309.94      0    325.1  206.41  309.61      0
   134217728      67108864  bfloat16     sum      -1    597.3  224.72  337.08      0    597.4  224.66  336.99      0
# Out of bounds values : 0 OK
# Avg bus bandwidth    : 65.3814 
#

