# nThread 1 nGpus 1 minBytes 8 maxBytes 134217728 step: 2(factor) warmup iters: 100 iters: 1000 agg iters: 1 validation: 1 graph: 0
#
# Using devices
#  Rank  0 Group  0 Pid  32421 on   bjys1148 device  0 [0x2a] NVIDIA H20
#  Rank  1 Group  0 Pid  32422 on   bjys1148 device  1 [0x3a] NVIDIA H20
#
#                                                              out-of-place                       in-place          
#       size         count      type   redop    root     time   algbw   busbw #wrong     time   algbw   busbw #wrong
#        (B)    (elements)                               (us)  (GB/s)  (GB/s)            (us)  (GB/s)  (GB/s)       
           8             8      int8     sum       0     7.46    0.00    0.00      0     6.97    0.00    0.00      0
          16            16      int8     sum       0     6.98    0.00    0.00      0     6.97    0.00    0.00      0
          32            32      int8     sum       0     7.03    0.00    0.00      0     7.18    0.00    0.00      0
          64            64      int8     sum       0     7.07    0.01    0.01      0     6.97    0.01    0.01      0
         128           128      int8     sum       0     7.08    0.02    0.02      0     6.98    0.02    0.02      0
         256           256      int8     sum       0     7.42    0.03    0.03      0     6.93    0.04    0.04      0
         512           512      int8     sum       0     7.16    0.07    0.07      0     6.94    0.07    0.07      0
        1024          1024      int8     sum       0     7.73    0.13    0.13      0     7.39    0.14    0.14      0
        2048          2048      int8     sum       0     7.62    0.27    0.27      0     7.40    0.28    0.28      0
        4096          4096      int8     sum       0     7.73    0.53    0.53      0     7.50    0.55    0.55      0
        8192          8192      int8     sum       0     8.23    1.00    1.00      0     8.06    1.02    1.02      0
       16384         16384      int8     sum       0     8.36    1.96    1.96      0     8.18    2.00    2.00      0
       32768         32768      int8     sum       0     8.51    3.85    3.85      0     8.51    3.85    3.85      0
       65536         65536      int8     sum       0     8.74    7.50    7.50      0     8.78    7.47    7.47      0
      131072        131072      int8     sum       0     8.92   14.69   14.69      0     8.89   14.74   14.74      0
      262144        262144      int8     sum       0     9.86   26.57   26.57      0     9.90   26.49   26.49      0
      524288        524288      int8     sum       0    12.14   43.17   43.17      0    12.18   43.05   43.05      0
     1048576       1048576      int8     sum       0    16.90   62.05   62.05      0    16.89   62.08   62.08      0
     2097152       2097152      int8     sum       0    19.88  105.47  105.47      0    19.86  105.58  105.58      0
     4194304       4194304      int8     sum       0    25.76  162.82  162.82      0    25.93  161.77  161.77      0
     8388608       8388608      int8     sum       0    37.81  221.86  221.86      0    37.71  222.43  222.43      0
    16777216      16777216      int8     sum       0    61.21  274.09  274.09      0    61.21  274.08  274.08      0
    33554432      33554432      int8     sum       0    107.1  313.20  313.20      0    107.1  313.17  313.17      0
    67108864      67108864      int8     sum       0    198.9  337.44  337.44      0    198.7  337.73  337.73      0
   134217728     134217728      int8     sum       0    378.2  354.93  354.93      0    377.9  355.13  355.13      0
           8             8     uint8     sum       0     7.00    0.00    0.00      0     6.97    0.00    0.00      0
          16            16     uint8     sum       0     7.01    0.00    0.00      0     6.98    0.00    0.00      0
          32            32     uint8     sum       0     7.03    0.00    0.00      0     6.98    0.00    0.00      0
          64            64     uint8     sum       0     7.08    0.01    0.01      0     6.99    0.01    0.01      0
         128           128     uint8     sum       0     7.09    0.02    0.02      0     6.98    0.02    0.02      0
         256           256     uint8     sum       0     7.48    0.03    0.03      0     6.95    0.04    0.04      0
         512           512     uint8     sum       0     7.17    0.07    0.07      0     6.95    0.07    0.07      0
        1024          1024     uint8     sum       0     7.74    0.13    0.13      0     7.41    0.14    0.14      0
        2048          2048     uint8     sum       0     7.63    0.27    0.27      0     7.41    0.28    0.28      0
        4096          4096     uint8     sum       0     7.74    0.53    0.53      0     7.52    0.54    0.54      0
        8192          8192     uint8     sum       0     8.26    0.99    0.99      0     8.06    1.02    1.02      0
       16384         16384     uint8     sum       0     8.38    1.96    1.96      0     8.17    2.00    2.00      0
       32768         32768     uint8     sum       0     8.51    3.85    3.85      0     8.51    3.85    3.85      0
       65536         65536     uint8     sum       0     8.72    7.52    7.52      0     8.75    7.49    7.49      0
      131072        131072     uint8     sum       0     8.85   14.82   14.82      0     8.89   14.74   14.74      0
      262144        262144     uint8     sum       0     9.81   26.72   26.72      0     9.81   26.73   26.73      0
      524288        524288     uint8     sum       0    12.23   42.88   42.88      0    12.21   42.93   42.93      0
     1048576       1048576     uint8     sum       0    16.82   62.32   62.32      0    16.85   62.24   62.24      0
     2097152       2097152     uint8     sum       0    19.83  105.74  105.74      0    19.91  105.35  105.35      0
     4194304       4194304     uint8     sum       0    25.64  163.61  163.61      0    25.68  163.32  163.32      0
     8388608       8388608     uint8     sum       0    37.62  223.01  223.01      0    37.62  222.99  222.99      0
    16777216      16777216     uint8     sum       0    61.15  274.38  274.38      0    61.15  274.35  274.35      0
    33554432      33554432     uint8     sum       0    107.1  313.39  313.39      0    107.4  312.42  312.42      0
    67108864      67108864     uint8     sum       0    199.0  337.31  337.31      0    199.3  336.75  336.75      0
   134217728     134217728     uint8     sum       0    378.4  354.69  354.69      0    378.0  355.04  355.04      0
           8             2     int32     sum       0     6.96    0.00    0.00      0     6.94    0.00    0.00      0
          16             4     int32     sum       0     6.96    0.00    0.00      0     6.93    0.00    0.00      0
          32             8     int32     sum       0     6.99    0.00    0.00      0     6.93    0.00    0.00      0
          64            16     int32     sum       0     7.03    0.01    0.01      0     6.94    0.01    0.01      0
         128            32     int32     sum       0     7.05    0.02    0.02      0     6.94    0.02    0.02      0
         256            64     int32     sum       0     7.42    0.03    0.03      0     6.90    0.04    0.04      0
         512           128     int32     sum       0     7.11    0.07    0.07      0     6.89    0.07    0.07      0
        1024           256     int32     sum       0     7.64    0.13    0.13      0     7.30    0.14    0.14      0
        2048           512     int32     sum       0     7.52    0.27    0.27      0     7.30    0.28    0.28      0
        4096          1024     int32     sum       0     7.58    0.54    0.54      0     7.36    0.56    0.56      0
        8192          2048     int32     sum       0     7.72    1.06    1.06      0     7.49    1.09    1.09      0
       16384          4096     int32     sum       0     7.83    2.09    2.09      0     7.64    2.15    2.15      0
       32768          8192     int32     sum       0     8.05    4.07    4.07      0     7.99    4.10    4.10      0
       65536         16384     int32     sum       0     8.29    7.90    7.90      0     8.30    7.89    7.89      0
      131072         32768     int32     sum       0     8.45   15.50   15.50      0     8.43   15.54   15.54      0
      262144         65536     int32     sum       0     9.22   28.42   28.42      0     9.23   28.39   28.39      0
      524288        131072     int32     sum       0    11.25   46.59   46.59      0    11.28   46.47   46.47      0
     1048576        262144     int32     sum       0    15.33   68.42   68.42      0    15.29   68.60   68.60      0
     2097152        524288     int32     sum       0    18.57  112.93  112.93      0    18.54  113.09  113.09      0
     4194304       1048576     int32     sum       0    24.37  172.10  172.10      0    24.59  170.56  170.56      0
     8388608       2097152     int32     sum       0    36.41  230.37  230.37      0    36.48  229.98  229.98      0
    16777216       4194304     int32     sum       0    58.86  285.01  285.01      0    58.86  285.02  285.02      0
    33554432       8388608     int32     sum       0    104.5  321.05  321.05      0    104.7  320.36  320.36      0
    67108864      16777216     int32     sum       0    195.8  342.80  342.80      0    196.7  341.21  341.21      0
   134217728      33554432     int32     sum       0    375.5  357.46  357.46      0    375.6  357.33  357.33      0
           8             2    uint32     sum       0     6.95    0.00    0.00      0     6.93    0.00    0.00      0
          16             4    uint32     sum       0     6.95    0.00    0.00      0     6.94    0.00    0.00      0
          32             8    uint32     sum       0     6.98    0.00    0.00      0     6.93    0.00    0.00      0
          64            16    uint32     sum       0     7.03    0.01    0.01      0     6.93    0.01    0.01      0
         128            32    uint32     sum       0     7.04    0.02    0.02      0     6.94    0.02    0.02      0
         256            64    uint32     sum       0     7.43    0.03    0.03      0     6.90    0.04    0.04      0
         512           128    uint32     sum       0     7.13    0.07    0.07      0     6.89    0.07    0.07      0
        1024           256    uint32     sum       0     7.65    0.13    0.13      0     7.30    0.14    0.14      0
        2048           512    uint32     sum       0     7.53    0.27    0.27      0     7.31    0.28    0.28      0
        4096          1024    uint32     sum       0     7.56    0.54    0.54      0     7.35    0.56    0.56      0
        8192          2048    uint32     sum       0     7.71    1.06    1.06      0     7.50    1.09    1.09      0
       16384          4096    uint32     sum       0     7.87    2.08    2.08      0     7.64    2.14    2.14      0
       32768          8192    uint32     sum       0     8.02    4.09    4.09      0     8.00    4.10    4.10      0
       65536         16384    uint32     sum       0     8.26    7.94    7.94      0     8.30    7.89    7.89      0
      131072         32768    uint32     sum       0     8.43   15.54   15.54      0     8.42   15.56   15.56      0
      262144         65536    uint32     sum       0     9.30   28.19   28.19      0     9.24   28.38   28.38      0
      524288        131072    uint32     sum       0    11.34   46.23   46.23      0    11.32   46.30   46.30      0
     1048576        262144    uint32     sum       0    15.25   68.78   68.78      0    15.26   68.71   68.71      0
     2097152        524288    uint32     sum       0    18.52  113.27  113.27      0    18.56  112.98  112.98      0
     4194304       1048576    uint32     sum       0    24.30  172.59  172.59      0    24.31  172.53  172.53      0
     8388608       2097152    uint32     sum       0    36.24  231.50  231.50      0    36.27  231.27  231.27      0
    16777216       4194304    uint32     sum       0    58.70  285.80  285.80      0    58.79  285.39  285.39      0
    33554432       8388608    uint32     sum       0    104.6  320.79  320.79      0    104.6  320.87  320.87      0
    67108864      16777216    uint32     sum       0    195.5  343.26  343.26      0    195.7  342.88  342.88      0
   134217728      33554432    uint32     sum       0    376.2  356.81  356.81      0    376.2  356.81  356.81      0
           8             1     int64     sum       0     6.95    0.00    0.00      0     6.92    0.00    0.00      0
          16             2     int64     sum       0     6.95    0.00    0.00      0     6.93    0.00    0.00      0
          32             4     int64     sum       0     6.98    0.00    0.00      0     6.93    0.00    0.00      0
          64             8     int64     sum       0     7.02    0.01    0.01      0     6.94    0.01    0.01      0
         128            16     int64     sum       0     7.04    0.02    0.02      0     6.94    0.02    0.02      0
         256            32     int64     sum       0     7.42    0.03    0.03      0     6.89    0.04    0.04      0
         512            64     int64     sum       0     7.12    0.07    0.07      0     6.89    0.07    0.07      0
        1024           128     int64     sum       0     7.63    0.13    0.13      0     7.29    0.14    0.14      0
        2048           256     int64     sum       0     7.52    0.27    0.27      0     7.29    0.28    0.28      0
        4096           512     int64     sum       0     7.57    0.54    0.54      0     7.34    0.56    0.56      0
        8192          1024     int64     sum       0     7.72    1.06    1.06      0     7.51    1.09    1.09      0
       16384          2048     int64     sum       0     7.84    2.09    2.09      0     7.64    2.14    2.14      0
       32768          4096     int64     sum       0     8.03    4.08    4.08      0     8.00    4.10    4.10      0
       65536          8192     int64     sum       0     8.29    7.91    7.91      0     8.33    7.87    7.87      0
      131072         16384     int64     sum       0     8.46   15.49   15.49      0     8.46   15.50   15.50      0
      262144         32768     int64     sum       0     9.26   28.31   28.31      0     9.23   28.41   28.41      0
      524288         65536     int64     sum       0    11.20   46.82   46.82      0    11.22   46.73   46.73      0
     1048576        131072     int64     sum       0    15.17   69.12   69.12      0    15.11   69.37   69.37      0
     2097152        262144     int64     sum       0    18.58  112.89  112.89      0    18.57  112.93  112.93      0
     4194304        524288     int64     sum       0    24.41  171.80  171.80      0    24.65  170.14  170.14      0
     8388608       1048576     int64     sum       0    36.48  229.95  229.95      0    36.41  230.36  230.36      0
    16777216       2097152     int64     sum       0    59.18  283.51  283.51      0    58.95  284.59  284.59      0
    33554432       4194304     int64     sum       0    104.5  321.05  321.05      0    104.7  320.35  320.35      0
    67108864       8388608     int64     sum       0    196.3  341.79  341.79      0    196.3  341.87  341.87      0
   134217728      16777216     int64     sum       0    375.3  357.58  357.58      0    376.6  356.41  356.41      0
           8             1    uint64     sum       0     6.96    0.00    0.00      0     6.92    0.00    0.00      0
          16             2    uint64     sum       0     6.96    0.00    0.00      0     6.93    0.00    0.00      0
          32             4    uint64     sum       0     6.98    0.00    0.00      0     6.93    0.00    0.00      0
          64             8    uint64     sum       0     7.03    0.01    0.01      0     6.93    0.01    0.01      0
         128            16    uint64     sum       0     7.04    0.02    0.02      0     6.94    0.02    0.02      0
         256            32    uint64     sum       0     7.42    0.03    0.03      0     6.88    0.04    0.04      0
         512            64    uint64     sum       0     7.12    0.07    0.07      0     6.89    0.07    0.07      0
        1024           128    uint64     sum       0     7.63    0.13    0.13      0     7.29    0.14    0.14      0
        2048           256    uint64     sum       0     7.51    0.27    0.27      0     7.29    0.28    0.28      0
        4096           512    uint64     sum       0     7.56    0.54    0.54      0     7.34    0.56    0.56      0
        8192          1024    uint64     sum       0     7.73    1.06    1.06      0     7.52    1.09    1.09      0
       16384          2048    uint64     sum       0     7.84    2.09    2.09      0     7.65    2.14    2.14      0
       32768          4096    uint64     sum       0     8.04    4.08    4.08      0     7.99    4.10    4.10      0
       65536          8192    uint64     sum       0     8.28    7.92    7.92      0     8.33    7.86    7.86      0
      131072         16384    uint64     sum       0     8.46   15.50   15.50      0     8.45   15.51   15.51      0
      262144         32768    uint64     sum       0     9.22   28.44   28.44      0     9.23   28.40   28.40      0
      524288         65536    uint64     sum       0    11.28   46.48   46.48      0    11.28   46.47   46.47      0
     1048576        131072    uint64     sum       0    15.10   69.45   69.45      0    15.12   69.37   69.37      0
     2097152        262144    uint64     sum       0    18.51  113.28  113.28      0    18.57  112.96  112.96      0
     4194304        524288    uint64     sum       0    24.37  172.12  172.12      0    24.35  172.27  172.27      0
     8388608       1048576    uint64     sum       0    36.24  231.46  231.46      0    36.25  231.38  231.38      0
    16777216       2097152    uint64     sum       0    58.87  285.01  285.01      0    58.79  285.37  285.37      0
    33554432       4194304    uint64     sum       0    104.8  320.04  320.04      0    104.9  319.97  319.97      0
    67108864       8388608    uint64     sum       0    195.5  343.22  343.22      0    196.2  342.02  342.02      0
   134217728      16777216    uint64     sum       0    375.1  357.80  357.80      0    375.4  357.49  357.49      0
           8             4      half     sum       0     6.97    0.00    0.00      0     6.95    0.00    0.00      0
          16             8      half     sum       0     6.98    0.00    0.00      0     6.95    0.00    0.00      0
          32            16      half     sum       0     7.02    0.00    0.00      0     6.95    0.00    0.00      0
          64            32      half     sum       0     7.05    0.01    0.01      0     6.96    0.01    0.01      0
         128            64      half     sum       0     7.06    0.02    0.02      0     6.95    0.02    0.02      0
         256           128      half     sum       0     7.39    0.03    0.03      0     6.91    0.04    0.04      0
         512           256      half     sum       0     7.14    0.07    0.07      0     6.91    0.07    0.07      0
        1024           512      half     sum       0     7.68    0.13    0.13      0     7.34    0.14    0.14      0
        2048          1024      half     sum       0     7.57    0.27    0.27      0     7.34    0.28    0.28      0
        4096          2048      half     sum       0     7.64    0.54    0.54      0     7.42    0.55    0.55      0
        8192          4096      half     sum       0     7.88    1.04    1.04      0     7.69    1.07    1.07      0
       16384          8192      half     sum       0     8.05    2.03    2.03      0     7.83    2.09    2.09      0
       32768         16384      half     sum       0     8.19    4.00    4.00      0     8.14    4.02    4.02      0
       65536         32768      half     sum       0     8.43    7.77    7.77      0     8.46    7.75    7.75      0
      131072         65536      half     sum       0     8.59   15.27   15.27      0     8.61   15.22   15.22      0
      262144        131072      half     sum       0     9.39   27.93   27.93      0     9.39   27.90   27.90      0
      524288        262144      half     sum       0    11.54   45.42   45.42      0    11.56   45.35   45.35      0
     1048576        524288      half     sum       0    15.79   66.42   66.42      0    15.75   66.57   66.57      0
     2097152       1048576      half     sum       0    18.40  113.96  113.96      0    18.36  114.22  114.22      0
     4194304       2097152      half     sum       0    24.39  171.97  171.97      0    24.47  171.43  171.43      0
     8388608       4194304      half     sum       0    36.07  232.54  232.54      0    36.10  232.36  232.36      0
    16777216       8388608      half     sum       0    58.83  285.19  285.19      0    58.66  286.00  286.00      0
    33554432      16777216      half     sum       0    104.6  320.80  320.80      0    104.3  321.80  321.80      0
    67108864      33554432      half     sum       0    195.5  343.24  343.24      0    195.4  343.42  343.42      0
   134217728      67108864      half     sum       0    374.8  358.11  358.11      0    374.8  358.06  358.06      0
           8             2     float     sum       0     6.95    0.00    0.00      0     6.94    0.00    0.00      0
          16             4     float     sum       0     6.96    0.00    0.00      0     6.93    0.00    0.00      0
          32             8     float     sum       0     6.99    0.00    0.00      0     6.93    0.00    0.00      0
          64            16     float     sum       0     7.04    0.01    0.01      0     6.94    0.01    0.01      0
         128            32     float     sum       0     7.04    0.02    0.02      0     6.95    0.02    0.02      0
         256            64     float     sum       0     7.44    0.03    0.03      0     6.90    0.04    0.04      0
         512           128     float     sum       0     7.13    0.07    0.07      0     6.90    0.07    0.07      0
        1024           256     float     sum       0     7.65    0.13    0.13      0     7.31    0.14    0.14      0
        2048           512     float     sum       0     7.54    0.27    0.27      0     7.31    0.28    0.28      0
        4096          1024     float     sum       0     7.58    0.54    0.54      0     7.35    0.56    0.56      0
        8192          2048     float     sum       0     7.73    1.06    1.06      0     7.49    1.09    1.09      0
       16384          4096     float     sum       0     7.84    2.09    2.09      0     7.64    2.15    2.15      0
       32768          8192     float     sum       0     8.10    4.05    4.05      0     7.99    4.10    4.10      0
       65536         16384     float     sum       0     8.26    7.93    7.93      0     8.31    7.89    7.89      0
      131072         32768     float     sum       0     8.44   15.53   15.53      0     8.42   15.56   15.56      0
      262144         65536     float     sum       0     9.23   28.41   28.41      0     9.31   28.17   28.17      0
      524288        131072     float     sum       0    11.34   46.24   46.24      0    11.33   46.27   46.27      0
     1048576        262144     float     sum       0    15.24   68.79   68.79      0    15.26   68.72   68.72      0
     2097152        524288     float     sum       0    18.48  113.45  113.45      0    18.52  113.26  113.26      0
     4194304       1048576     float     sum       0    24.30  172.61  172.61      0    24.29  172.68  172.68      0
     8388608       2097152     float     sum       0    36.24  231.50  231.50      0    36.22  231.63  231.63      0
    16777216       4194304     float     sum       0    58.72  285.74  285.74      0    58.83  285.16  285.16      0
    33554432       8388608     float     sum       0    104.4  321.42  321.42      0    104.6  320.83  320.83      0
    67108864      16777216     float     sum       0    195.5  343.24  343.24      0    196.2  342.03  342.03      0
   134217728      33554432     float     sum       0    376.2  356.76  356.76      0    376.1  356.84  356.84      0
           8             1    double     sum       0     6.91    0.00    0.00      0     6.89    0.00    0.00      0
          16             2    double     sum       0     6.91    0.00    0.00      0     6.90    0.00    0.00      0
          32             4    double     sum       0     6.94    0.00    0.00      0     6.89    0.00    0.00      0
          64             8    double     sum       0     6.99    0.01    0.01      0     6.90    0.01    0.01      0
         128            16    double     sum       0     7.00    0.02    0.02      0     6.89    0.02    0.02      0
         256            32    double     sum       0     7.40    0.03    0.03      0     6.88    0.04    0.04      0
         512            64    double     sum       0     7.11    0.07    0.07      0     6.87    0.07    0.07      0
        1024           128    double     sum       0     7.59    0.13    0.13      0     7.26    0.14    0.14      0
        2048           256    double     sum       0     7.47    0.27    0.27      0     7.26    0.28    0.28      0
        4096           512    double     sum       0     7.54    0.54    0.54      0     7.31    0.56    0.56      0
        8192          1024    double     sum       0     7.75    1.06    1.06      0     7.51    1.09    1.09      0
       16384          2048    double     sum       0     7.85    2.09    2.09      0     7.65    2.14    2.14      0
       32768          4096    double     sum       0     8.01    4.09    4.09      0     7.98    4.11    4.11      0
       65536          8192    double     sum       0     8.26    7.94    7.94      0     8.30    7.89    7.89      0
      131072         16384    double     sum       0     8.42   15.57   15.57      0     8.41   15.58   15.58      0
      262144         32768    double     sum       0     9.19   28.52   28.52      0     9.19   28.52   28.52      0
      524288         65536    double     sum       0    11.07   47.35   47.35      0    11.10   47.21   47.21      0
     1048576        131072    double     sum       0    14.94   70.17   70.17      0    14.90   70.36   70.36      0
     2097152        262144    double     sum       0    18.36  114.22  114.22      0    18.35  114.28  114.28      0
     4194304        524288    double     sum       0    24.23  173.13  173.13      0    24.52  171.07  171.07      0
     8388608       1048576    double     sum       0    36.07  232.59  232.59      0    36.20  231.73  231.73      0
    16777216       2097152    double     sum       0    58.68  285.93  285.93      0    58.66  285.99  285.99      0
    33554432       4194304    double     sum       0    104.1  322.24  322.24      0    104.0  322.79  322.79      0
    67108864       8388608    double     sum       0    195.8  342.77  342.77      0    195.5  343.27  343.27      0
   134217728      16777216    double     sum       0    376.0  356.93  356.93      0    374.8  358.11  358.11      0
           8             4  bfloat16     sum       0     6.97    0.00    0.00      0     7.19    0.00    0.00      0
          16             8  bfloat16     sum       0     6.97    0.00    0.00      0     6.95    0.00    0.00      0
          32            16  bfloat16     sum       0     7.00    0.00    0.00      0     6.94    0.00    0.00      0
          64            32  bfloat16     sum       0     7.05    0.01    0.01      0     6.96    0.01    0.01      0
         128            64  bfloat16     sum       0     7.06    0.02    0.02      0     6.96    0.02    0.02      0
         256           128  bfloat16     sum       0     7.34    0.03    0.03      0     6.91    0.04    0.04      0
         512           256  bfloat16     sum       0     7.15    0.07    0.07      0     6.91    0.07    0.07      0
        1024           512  bfloat16     sum       0     7.69    0.13    0.13      0     7.34    0.14    0.14      0
        2048          1024  bfloat16     sum       0     7.56    0.27    0.27      0     7.34    0.28    0.28      0
        4096          2048  bfloat16     sum       0     7.64    0.54    0.54      0     7.43    0.55    0.55      0
        8192          4096  bfloat16     sum       0     7.89    1.04    1.04      0     7.65    1.07    1.07      0
       16384          8192  bfloat16     sum       0     8.01    2.05    2.05      0     7.82    2.10    2.10      0
       32768         16384  bfloat16     sum       0     8.17    4.01    4.01      0     8.13    4.03    4.03      0
       65536         32768  bfloat16     sum       0     8.41    7.80    7.80      0     8.44    7.77    7.77      0
      131072         65536  bfloat16     sum       0     8.56   15.30   15.30      0     8.56   15.31   15.31      0
      262144        131072  bfloat16     sum       0     9.38   27.93   27.93      0     9.38   27.94   27.94      0
      524288        262144  bfloat16     sum       0    11.59   45.24   45.24      0    11.57   45.30   45.30      0
     1048576        524288  bfloat16     sum       0    15.68   66.86   66.86      0    15.70   66.78   66.78      0
     2097152       1048576  bfloat16     sum       0    18.33  114.40  114.40      0    18.35  114.30  114.30      0
     4194304       2097152  bfloat16     sum       0    24.22  173.15  173.15      0    24.18  173.49  173.49      0
     8388608       4194304  bfloat16     sum       0    36.01  232.98  232.98      0    36.02  232.91  232.91      0
    16777216       8388608  bfloat16     sum       0    58.37  287.45  287.45      0    58.27  287.94  287.94      0
    33554432      16777216  bfloat16     sum       0    104.0  322.56  322.56      0    104.3  321.73  321.73      0
    67108864      33554432  bfloat16     sum       0    195.5  343.22  343.22      0    195.1  344.04  344.04      0
   134217728      67108864  bfloat16     sum       0    374.4  358.46  358.46      0    374.5  358.35  358.35      0
# Out of bounds values : 0 OK
# Avg bus bandwidth    : 79.4241 
#

