# nThread 1 nGpus 1 minBytes 8 maxBytes 134217728 step: 2(factor) warmup iters: 100 iters: 1000 agg iters: 1 validation: 1 graph: 0
#
# Using devices
#  Rank  0 Group  0 Pid  33610 on   bjys1148 device  0 [0x2a] NVIDIA H20
#  Rank  1 Group  0 Pid  33611 on   bjys1148 device  1 [0x3a] NVIDIA H20
#
#                                                              out-of-place                       in-place          
#       size         count      type   redop    root     time   algbw   busbw #wrong     time   algbw   busbw #wrong
#        (B)    (elements)                               (us)  (GB/s)  (GB/s)            (us)  (GB/s)  (GB/s)       
           8             4      int8    none       0     7.16    0.00    0.00      0     6.75    0.00    0.00      0
          16             8      int8    none       0     6.89    0.00    0.00      0     6.90    0.00    0.00      0
          32            16      int8    none       0     6.89    0.00    0.00      0     6.98    0.00    0.00      0
          64            32      int8    none       0     6.89    0.01    0.00      0     6.99    0.01    0.00      0
         128            64      int8    none       0     6.99    0.02    0.01      0     6.99    0.02    0.01      0
         256           128      int8    none       0     7.00    0.04    0.02      0     6.99    0.04    0.02      0
         512           256      int8    none       0     7.05    0.07    0.04      0     6.93    0.07    0.04      0
        1024           512      int8    none       0     7.17    0.14    0.07      0     6.95    0.15    0.07      0
        2048          1024      int8    none       0     7.06    0.29    0.15      0     6.95    0.29    0.15      0
        4096          2048      int8    none       0     7.02    0.58    0.29      0     6.95    0.59    0.29      0
        8192          4096      int8    none       0     7.32    1.12    0.56      0     7.32    1.12    0.56      0
       16384          8192      int8    none       0     7.97    2.05    1.03      0     8.02    2.04    1.02      0
       32768         16384      int8    none       0     9.37    3.50    1.75      0     9.68    3.38    1.69      0
       65536         32768      int8    none       0     9.31    7.04    3.52      0     9.34    7.02    3.51      0
      131072         65536      int8    none       0    10.29   12.73    6.37      0    10.24   12.80    6.40      0
      262144        131072      int8    none       0    10.53   24.90   12.45      0    10.48   25.02   12.51      0
      524288        262144      int8    none       0    11.30   46.39   23.19      0    10.58   49.54   24.77      0
     1048576        524288      int8    none       0    11.45   91.57   45.79      0    11.11   94.38   47.19      0
     2097152       1048576      int8    none       0    12.13  172.93   86.46      0    11.81  177.59   88.80      0
     4194304       2097152      int8    none       0    16.16  259.49  129.75      0    15.19  276.04  138.02      0
     8388608       4194304      int8    none       0    22.45  373.61  186.80      0    21.94  382.34  191.17      0
    16777216       8388608      int8    none       0    35.02  479.12  239.56      0    34.54  485.78  242.89      0
    33554432      16777216      int8    none       0    59.39  565.02  282.51      0    58.21  576.45  288.22      0
    67108864      33554432      int8    none       0    108.3  619.62  309.81      0    106.7  628.88  314.44      0
   134217728      67108864      int8    none       0    205.2  654.11  327.05      0    207.5  646.77  323.38      0
           8             4     uint8    none       0     6.94    0.00    0.00      0     6.91    0.00    0.00      0
          16             8     uint8    none       0     6.88    0.00    0.00      0     6.91    0.00    0.00      0
          32            16     uint8    none       0     6.88    0.00    0.00      0     6.94    0.00    0.00      0
          64            32     uint8    none       0     6.88    0.01    0.00      0     6.98    0.01    0.00      0
         128            64     uint8    none       0     6.98    0.02    0.01      0     6.99    0.02    0.01      0
         256           128     uint8    none       0     7.00    0.04    0.02      0     6.99    0.04    0.02      0
         512           256     uint8    none       0     7.04    0.07    0.04      0     6.99    0.07    0.04      0
        1024           512     uint8    none       0     7.16    0.14    0.07      0     6.94    0.15    0.07      0
        2048          1024     uint8    none       0     7.06    0.29    0.15      0     6.94    0.29    0.15      0
        4096          2048     uint8    none       0     6.96    0.59    0.29      0     6.94    0.59    0.29      0
        8192          4096     uint8    none       0     7.31    1.12    0.56      0     7.31    1.12    0.56      0
       16384          8192     uint8    none       0     7.97    2.06    1.03      0     8.01    2.05    1.02      0
       32768         16384     uint8    none       0     9.36    3.50    1.75      0     9.69    3.38    1.69      0
       65536         32768     uint8    none       0     9.29    7.05    3.53      0     9.28    7.06    3.53      0
      131072         65536     uint8    none       0    10.29   12.74    6.37      0    10.24   12.80    6.40      0
      262144        131072     uint8    none       0    10.52   24.92   12.46      0    10.37   25.28   12.64      0
      524288        262144     uint8    none       0    11.30   46.41   23.21      0    10.58   49.54   24.77      0
     1048576        524288     uint8    none       0    11.46   91.49   45.75      0    11.05   94.91   47.45      0
     2097152       1048576     uint8    none       0    12.21  171.71   85.85      0    11.89  176.39   88.19      0
     4194304       2097152     uint8    none       0    16.20  258.96  129.48      0    15.25  274.99  137.50      0
     8388608       4194304     uint8    none       0    22.56  371.90  185.95      0    22.03  380.83  190.41      0
    16777216       8388608     uint8    none       0    34.74  482.87  241.43      0    34.29  489.32  244.66      0
    33554432      16777216     uint8    none       0    58.99  568.83  284.41      0    57.80  580.55  290.27      0
    67108864      33554432     uint8    none       0    107.4  624.75  312.37      0    106.1  632.51  316.25      0
   134217728      67108864     uint8    none       0    203.5  659.39  329.69      0    206.2  650.93  325.46      0
           8             1     int32    none       0     6.73    0.00    0.00      0     6.91    0.00    0.00      0
          16             2     int32    none       0     6.89    0.00    0.00      0     6.91    0.00    0.00      0
          32             4     int32    none       0     6.89    0.00    0.00      0     6.94    0.00    0.00      0
          64             8     int32    none       0     6.89    0.01    0.00      0     6.99    0.01    0.00      0
         128            16     int32    none       0     6.99    0.02    0.01      0     7.00    0.02    0.01      0
         256            32     int32    none       0     7.00    0.04    0.02      0     6.99    0.04    0.02      0
         512            64     int32    none       0     7.19    0.07    0.04      0     6.94    0.07    0.04      0
        1024           128     int32    none       0     7.16    0.14    0.07      0     6.94    0.15    0.07      0
        2048           256     int32    none       0     7.05    0.29    0.15      0     6.94    0.30    0.15      0
        4096           512     int32    none       0     6.96    0.59    0.29      0     6.94    0.59    0.30      0
        8192          1024     int32    none       0     7.31    1.12    0.56      0     7.30    1.12    0.56      0
       16384          2048     int32    none       0     7.96    2.06    1.03      0     8.01    2.05    1.02      0
       32768          4096     int32    none       0     9.40    3.49    1.74      0     9.67    3.39    1.69      0
       65536          8192     int32    none       0     9.27    7.07    3.53      0     9.29    7.06    3.53      0
      131072         16384     int32    none       0    10.27   12.76    6.38      0    10.23   12.81    6.41      0
      262144         32768     int32    none       0    10.53   24.89   12.44      0    10.34   25.35   12.67      0
      524288         65536     int32    none       0    11.26   46.56   23.28      0    10.58   49.53   24.77      0
     1048576        131072     int32    none       0    11.41   91.93   45.96      0    11.07   94.75   47.38      0
     2097152        262144     int32    none       0    12.16  172.42   86.21      0    11.79  177.87   88.93      0
     4194304        524288     int32    none       0    16.11  260.29  130.14      0    15.30  274.18  137.09      0
     8388608       1048576     int32    none       0    22.50  372.77  186.39      0    21.88  383.41  191.70      0
    16777216       2097152     int32    none       0    35.01  479.24  239.62      0    34.56  485.38  242.69      0
    33554432       4194304     int32    none       0    59.51  563.82  281.91      0    58.29  575.68  287.84      0
    67108864       8388608     int32    none       0    108.1  621.05  310.53      0    106.6  629.64  314.82      0
   134217728      16777216     int32    none       0    205.1  654.36  327.18      0    207.5  646.74  323.37      0
           8             1    uint32    none       0     6.88    0.00    0.00      0     6.91    0.00    0.00      0
          16             2    uint32    none       0     6.89    0.00    0.00      0     6.90    0.00    0.00      0
          32             4    uint32    none       0     6.94    0.00    0.00      0     6.94    0.00    0.00      0
          64             8    uint32    none       0     6.88    0.01    0.00      0     7.00    0.01    0.00      0
         128            16    uint32    none       0     6.99    0.02    0.01      0     7.00    0.02    0.01      0
         256            32    uint32    none       0     7.00    0.04    0.02      0     6.99    0.04    0.02      0
         512            64    uint32    none       0     7.04    0.07    0.04      0     6.94    0.07    0.04      0
        1024           128    uint32    none       0     7.16    0.14    0.07      0     6.94    0.15    0.07      0
        2048           256    uint32    none       0     7.04    0.29    0.15      0     7.13    0.29    0.14      0
        4096           512    uint32    none       0     6.97    0.59    0.29      0     6.95    0.59    0.29      0
        8192          1024    uint32    none       0     7.31    1.12    0.56      0     7.32    1.12    0.56      0
       16384          2048    uint32    none       0     7.96    2.06    1.03      0     7.99    2.05    1.03      0
       32768          4096    uint32    none       0     9.38    3.49    1.75      0     9.67    3.39    1.69      0
       65536          8192    uint32    none       0     9.28    7.06    3.53      0     9.29    7.06    3.53      0
      131072         16384    uint32    none       0    10.33   12.68    6.34      0    10.25   12.79    6.39      0
      262144         32768    uint32    none       0    10.51   24.93   12.47      0    10.35   25.33   12.67      0
      524288         65536    uint32    none       0    11.30   46.40   23.20      0    10.68   49.07   24.53      0
     1048576        131072    uint32    none       0    11.40   91.94   45.97      0    11.05   94.93   47.47      0
     2097152        262144    uint32    none       0    12.21  171.72   85.86      0    11.90  176.19   88.09      0
     4194304        524288    uint32    none       0    16.20  258.92  129.46      0    15.25  274.98  137.49      0
     8388608       1048576    uint32    none       0    22.62  370.84  185.42      0    22.03  380.81  190.41      0
    16777216       2097152    uint32    none       0    34.74  482.90  241.45      0    34.24  489.92  244.96      0
    33554432       4194304    uint32    none       0    58.95  569.24  284.62      0    57.78  580.70  290.35      0
    67108864       8388608    uint32    none       0    107.5  624.15  312.08      0    106.1  632.44  316.22      0
   134217728      16777216    uint32    none       0    203.5  659.68  329.84      0    206.0  651.57  325.78      0
           0             0     int64    none       0     0.05    0.00    0.00      0     0.04    0.00    0.00      0
          16             1     int64    none       0     6.88    0.00    0.00      0     6.93    0.00    0.00      0
          32             2     int64    none       0     6.89    0.00    0.00      0     6.94    0.00    0.00      0
          64             4     int64    none       0     6.89    0.01    0.00      0     6.99    0.01    0.00      0
         128             8     int64    none       0     6.99    0.02    0.01      0     6.99    0.02    0.01      0
         256            16     int64    none       0     7.00    0.04    0.02      0     7.00    0.04    0.02      0
         512            32     int64    none       0     7.21    0.07    0.04      0     6.95    0.07    0.04      0
        1024            64     int64    none       0     7.16    0.14    0.07      0     6.94    0.15    0.07      0
        2048           128     int64    none       0     7.05    0.29    0.15      0     6.94    0.30    0.15      0
        4096           256     int64    none       0     6.96    0.59    0.29      0     6.95    0.59    0.29      0
        8192           512     int64    none       0     7.32    1.12    0.56      0     7.32    1.12    0.56      0
       16384          1024     int64    none       0     7.97    2.06    1.03      0     8.00    2.05    1.02      0
       32768          2048     int64    none       0     9.41    3.48    1.74      0     9.67    3.39    1.69      0
       65536          4096     int64    none       0     9.28    7.06    3.53      0     9.28    7.06    3.53      0
      131072          8192     int64    none       0    10.26   12.77    6.39      0    10.23   12.81    6.41      0
      262144         16384     int64    none       0    10.53   24.90   12.45      0    10.34   25.34   12.67      0
      524288         32768     int64    none       0    11.27   46.53   23.27      0    10.56   49.67   24.83      0
     1048576         65536     int64    none       0    11.41   91.93   45.96      0    11.08   94.62   47.31      0
     2097152        131072     int64    none       0    12.17  172.36   86.18      0    11.80  177.80   88.90      0
     4194304        262144     int64    none       0    16.08  260.92  130.46      0    15.19  276.15  138.07      0
     8388608        524288     int64    none       0    22.52  372.52  186.26      0    21.90  383.09  191.55      0
    16777216       1048576     int64    none       0    35.13  477.61  238.80      0    34.51  486.10  243.05      0
    33554432       2097152     int64    none       0    59.43  564.64  282.32      0    58.21  576.47  288.23      0
    67108864       4194304     int64    none       0    108.3  619.94  309.97      0    106.6  629.35  314.67      0
   134217728       8388608     int64    none       0    205.2  654.18  327.09      0    207.4  647.08  323.54      0
           0             0    uint64    none       0     0.05    0.00    0.00      0     0.05    0.00    0.00      0
          16             1    uint64    none       0     6.88    0.00    0.00      0     6.93    0.00    0.00      0
          32             2    uint64    none       0     6.88    0.00    0.00      0     6.94    0.00    0.00      0
          64             4    uint64    none       0     6.89    0.01    0.00      0     6.99    0.01    0.00      0
         128             8    uint64    none       0     6.98    0.02    0.01      0     7.05    0.02    0.01      0
         256            16    uint64    none       0     7.00    0.04    0.02      0     7.01    0.04    0.02      0
         512            32    uint64    none       0     7.00    0.07    0.04      0     6.94    0.07    0.04      0
        1024            64    uint64    none       0     7.16    0.14    0.07      0     6.94    0.15    0.07      0
        2048           128    uint64    none       0     7.06    0.29    0.15      0     6.94    0.29    0.15      0
        4096           256    uint64    none       0     6.97    0.59    0.29      0     6.96    0.59    0.29      0
        8192           512    uint64    none       0     7.32    1.12    0.56      0     7.31    1.12    0.56      0
       16384          1024    uint64    none       0     8.01    2.05    1.02      0     8.00    2.05    1.02      0
       32768          2048    uint64    none       0     9.37    3.50    1.75      0     9.67    3.39    1.69      0
       65536          4096    uint64    none       0     9.28    7.06    3.53      0     9.28    7.06    3.53      0
      131072          8192    uint64    none       0    10.28   12.76    6.38      0    10.23   12.81    6.40      0
      262144         16384    uint64    none       0    10.53   24.89   12.44      0    10.44   25.11   12.55      0
      524288         32768    uint64    none       0    11.28   46.49   23.25      0    10.58   49.57   24.78      0
     1048576         65536    uint64    none       0    11.41   91.88   45.94      0    11.06   94.82   47.41      0
     2097152        131072    uint64    none       0    12.20  171.87   85.94      0    11.87  176.72   88.36      0
     4194304        262144    uint64    none       0    16.17  259.33  129.66      0    15.31  273.94  136.97      0
     8388608        524288    uint64    none       0    22.54  372.11  186.06      0    22.05  380.48  190.24      0
    16777216       1048576    uint64    none       0    34.83  481.75  240.88      0    34.25  489.80  244.90      0
    33554432       2097152    uint64    none       0    58.82  570.48  285.24      0    57.73  581.25  290.62      0
    67108864       4194304    uint64    none       0    107.2  626.21  313.10      0    106.2  632.17  316.09      0
   134217728       8388608    uint64    none       0    203.3  660.17  330.09      0    205.9  651.70  325.85      0
           8             2      half    none       0     6.88    0.00    0.00      0     6.91    0.00    0.00      0
          16             4      half    none       0     6.88    0.00    0.00      0     6.91    0.00    0.00      0
          32             8      half    none       0     6.88    0.00    0.00      0     6.99    0.00    0.00      0
          64            16      half    none       0     6.89    0.01    0.00      0     6.99    0.01    0.00      0
         128            32      half    none       0     6.99    0.02    0.01      0     7.00    0.02    0.01      0
         256            64      half    none       0     7.00    0.04    0.02      0     6.99    0.04    0.02      0
         512           128      half    none       0     7.15    0.07    0.04      0     6.95    0.07    0.04      0
        1024           256      half    none       0     7.16    0.14    0.07      0     6.94    0.15    0.07      0
        2048           512      half    none       0     7.05    0.29    0.15      0     6.94    0.30    0.15      0
        4096          1024      half    none       0     7.02    0.58    0.29      0     6.96    0.59    0.29      0
        8192          2048      half    none       0     7.32    1.12    0.56      0     7.32    1.12    0.56      0
       16384          4096      half    none       0     7.97    2.06    1.03      0     7.99    2.05    1.02      0
       32768          8192      half    none       0     9.36    3.50    1.75      0     9.67    3.39    1.69      0
       65536         16384      half    none       0     9.30    7.05    3.52      0     9.28    7.06    3.53      0
      131072         32768      half    none       0    10.32   12.71    6.35      0    10.24   12.80    6.40      0
      262144         65536      half    none       0    10.51   24.94   12.47      0    10.35   25.33   12.67      0
      524288        131072      half    none       0    11.36   46.14   23.07      0    10.56   49.67   24.84      0
     1048576        262144      half    none       0    11.41   91.92   45.96      0    11.07   94.76   47.38      0
     2097152        524288      half    none       0    12.17  172.33   86.16      0    11.80  177.73   88.87      0
     4194304       1048576      half    none       0    16.11  260.36  130.18      0    15.23  275.42  137.71      0
     8388608       2097152      half    none       0    22.45  373.59  186.79      0    21.87  383.62  191.81      0
    16777216       4194304      half    none       0    35.02  479.14  239.57      0    34.47  486.74  243.37      0
    33554432       8388608      half    none       0    59.44  564.52  282.26      0    58.17  576.84  288.42      0
    67108864      16777216      half    none       0    108.2  619.96  309.98      0    106.5  629.95  314.97      0
   134217728      33554432      half    none       0    205.1  654.45  327.22      0    207.5  646.97  323.48      0
           8             1     float    none       0     6.88    0.00    0.00      0     6.90    0.00    0.00      0
          16             2     float    none       0     6.88    0.00    0.00      0     6.91    0.00    0.00      0
          32             4     float    none       0     6.88    0.00    0.00      0     6.98    0.00    0.00      0
          64             8     float    none       0     6.88    0.01    0.00      0     6.99    0.01    0.00      0
         128            16     float    none       0     6.98    0.02    0.01      0     6.98    0.02    0.01      0
         256            32     float    none       0     6.99    0.04    0.02      0     6.99    0.04    0.02      0
         512            64     float    none       0     7.04    0.07    0.04      0     6.94    0.07    0.04      0
        1024           128     float    none       0     7.16    0.14    0.07      0     6.94    0.15    0.07      0
        2048           256     float    none       0     7.05    0.29    0.15      0     6.93    0.30    0.15      0
        4096           512     float    none       0     7.02    0.58    0.29      0     6.95    0.59    0.29      0
        8192          1024     float    none       0     7.31    1.12    0.56      0     7.31    1.12    0.56      0
       16384          2048     float    none       0     7.96    2.06    1.03      0     7.99    2.05    1.03      0
       32768          4096     float    none       0     9.38    3.49    1.75      0     9.67    3.39    1.69      0
       65536          8192     float    none       0     9.29    7.06    3.53      0     9.28    7.06    3.53      0
      131072         16384     float    none       0    10.33   12.68    6.34      0    10.24   12.79    6.40      0
      262144         32768     float    none       0    10.52   24.93   12.46      0    10.37   25.29   12.64      0
      524288         65536     float    none       0    11.27   46.51   23.25      0    10.57   49.60   24.80      0
     1048576        131072     float    none       0    11.40   91.96   45.98      0    11.04   94.95   47.47      0
     2097152        262144     float    none       0    12.19  172.00   86.00      0    11.98  174.98   87.49      0
     4194304        524288     float    none       0    16.20  258.92  129.46      0    15.28  274.58  137.29      0
     8388608       1048576     float    none       0    22.57  371.73  185.87      0    22.04  380.56  190.28      0
    16777216       2097152     float    none       0    34.79  482.26  241.13      0    34.25  489.89  244.95      0
    33554432       4194304     float    none       0    58.96  569.09  284.55      0    57.75  581.06  290.53      0
    67108864       8388608     float    none       0    107.5  624.10  312.05      0    106.1  632.68  316.34      0
   134217728      16777216     float    none       0    203.3  660.34  330.17      0    205.9  651.71  325.85      0
           0             0    double    none       0     0.05    0.00    0.00      0     0.04    0.00    0.00      0
          16             1    double    none       0     6.89    0.00    0.00      0     6.94    0.00    0.00      0
          32             2    double    none       0     6.89    0.00    0.00      0     6.94    0.00    0.00      0
          64             4    double    none       0     6.90    0.01    0.00      0     7.00    0.01    0.00      0
         128             8    double    none       0     6.99    0.02    0.01      0     6.99    0.02    0.01      0
         256            16    double    none       0     7.01    0.04    0.02      0     7.00    0.04    0.02      0
         512            32    double    none       0     7.21    0.07    0.04      0     6.94    0.07    0.04      0
        1024            64    double    none       0     7.16    0.14    0.07      0     6.94    0.15    0.07      0
        2048           128    double    none       0     7.05    0.29    0.15      0     6.94    0.30    0.15      0
        4096           256    double    none       0     6.96    0.59    0.29      0     6.94    0.59    0.30      0
        8192           512    double    none       0     7.31    1.12    0.56      0     7.31    1.12    0.56      0
       16384          1024    double    none       0     7.96    2.06    1.03      0     8.00    2.05    1.02      0
       32768          2048    double    none       0     9.37    3.50    1.75      0     9.71    3.38    1.69      0
       65536          4096    double    none       0     9.28    7.06    3.53      0     9.29    7.05    3.53      0
      131072          8192    double    none       0    10.26   12.77    6.39      0    10.24   12.80    6.40      0
      262144         16384    double    none       0    10.49   24.98   12.49      0    10.36   25.31   12.66      0
      524288         32768    double    none       0    11.26   46.55   23.27      0    10.64   49.26   24.63      0
     1048576         65536    double    none       0    11.40   91.96   45.98      0    11.07   94.72   47.36      0
     2097152        131072    double    none       0    12.10  173.28   86.64      0    11.78  178.08   89.04      0
     4194304        262144    double    none       0    16.13  259.96  129.98      0    15.16  276.74  138.37      0
     8388608        524288    double    none       0    22.50  372.77  186.38      0    21.84  384.07  192.03      0
    16777216       1048576    double    none       0    35.06  478.55  239.27      0    34.52  485.98  242.99      0
    33554432       2097152    double    none       0    59.32  565.66  282.83      0    58.28  575.77  287.88      0
    67108864       4194304    double    none       0    108.3  619.80  309.90      0    106.5  629.95  314.97      0
   134217728       8388608    double    none       0    204.9  655.13  327.57      0    207.4  647.18  323.59      0
           8             2  bfloat16    none       0     6.88    0.00    0.00      0     6.90    0.00    0.00      0
          16             4  bfloat16    none       0     6.88    0.00    0.00      0     6.91    0.00    0.00      0
          32             8  bfloat16    none       0     6.87    0.00    0.00      0     6.93    0.00    0.00      0
          64            16  bfloat16    none       0     6.88    0.01    0.00      0     7.05    0.01    0.00      0
         128            32  bfloat16    none       0     6.97    0.02    0.01      0     6.99    0.02    0.01      0
         256            64  bfloat16    none       0     7.00    0.04    0.02      0     6.98    0.04    0.02      0
         512           128  bfloat16    none       0     7.04    0.07    0.04      0     6.93    0.07    0.04      0
        1024           256  bfloat16    none       0     7.11    0.14    0.07      0     6.93    0.15    0.07      0
        2048           512  bfloat16    none       0     7.05    0.29    0.15      0     6.94    0.30    0.15      0
        4096          1024  bfloat16    none       0     6.96    0.59    0.29      0     6.95    0.59    0.29      0
        8192          2048  bfloat16    none       0     7.36    1.11    0.56      0     7.31    1.12    0.56      0
       16384          4096  bfloat16    none       0     7.96    2.06    1.03      0     8.00    2.05    1.02      0
       32768          8192  bfloat16    none       0     9.38    3.49    1.75      0     9.68    3.39    1.69      0
       65536         16384  bfloat16    none       0     9.29    7.05    3.53      0     9.28    7.06    3.53      0
      131072         32768  bfloat16    none       0    10.29   12.74    6.37      0    10.26   12.78    6.39      0
      262144         65536  bfloat16    none       0    10.50   24.96   12.48      0    10.36   25.31   12.65      0
      524288        131072  bfloat16    none       0    11.30   46.38   23.19      0    10.56   49.63   24.82      0
     1048576        262144  bfloat16    none       0    11.40   91.94   45.97      0    11.05   94.94   47.47      0
     2097152        524288  bfloat16    none       0    12.24  171.35   85.67      0    11.89  176.37   88.18      0
     4194304       1048576  bfloat16    none       0    16.21  258.77  129.39      0    15.26  274.94  137.47      0
     8388608       2097152  bfloat16    none       0    22.54  372.09  186.05      0    22.02  381.03  190.51      0
    16777216       4194304  bfloat16    none       0    34.80  482.05  241.02      0    34.26  489.70  244.85      0
    33554432       8388608  bfloat16    none       0    58.97  568.99  284.50      0    57.86  579.94  289.97      0
    67108864      16777216  bfloat16    none       0    107.7  623.27  311.63      0    106.1  632.80  316.40      0
   134217728      33554432  bfloat16    none       0    203.4  659.77  329.89      0    206.1  651.36  325.68      0
# Out of bounds values : 0 OK
# Avg bus bandwidth    : 66.9993 
#

