# nThread 1 nGpus 1 minBytes 8 maxBytes 134217728 step: 2(factor) warmup iters: 100 iters: 1000 agg iters: 1 validation: 1 graph: 0
#
# Using devices
#  Rank  0 Group  0 Pid  33378 on   bjys1148 device  0 [0x2a] NVIDIA H20
#  Rank  1 Group  0 Pid  33379 on   bjys1148 device  1 [0x3a] NVIDIA H20
#  Rank  2 Group  0 Pid  33380 on   bjys1148 device  2 [0x4c] NVIDIA H20
#  Rank  3 Group  0 Pid  33381 on   bjys1148 device  3 [0x5c] NVIDIA H20
#  Rank  4 Group  0 Pid  33383 on   bjys1148 device  4 [0xaa] NVIDIA H20
#  Rank  5 Group  0 Pid  33386 on   bjys1148 device  5 [0xba] NVIDIA H20
#  Rank  6 Group  0 Pid  33389 on   bjys1148 device  6 [0xca] NVIDIA H20
#  Rank  7 Group  0 Pid  33392 on   bjys1148 device  7 [0xda] NVIDIA H20
#
#                                                              out-of-place                       in-place          
#       size         count      type   redop    root     time   algbw   busbw #wrong     time   algbw   busbw #wrong
#        (B)    (elements)                               (us)  (GB/s)  (GB/s)            (us)  (GB/s)  (GB/s)       
           0             0      int8     sum      -1     0.13    0.00    0.00      0     0.13    0.00    0.00      0
           0             0      int8     sum      -1     0.13    0.00    0.00      0     0.13    0.00    0.00      0
          32             4      int8     sum      -1    12.39    0.00    0.00      0    12.27    0.00    0.00      0
          64             8      int8     sum      -1    12.38    0.01    0.00      0    12.29    0.01    0.00      0
         128            16      int8     sum      -1    12.52    0.01    0.01      0    12.34    0.01    0.01      0
         256            32      int8     sum      -1    12.75    0.02    0.02      0    12.40    0.02    0.02      0
         512            64      int8     sum      -1    13.21    0.04    0.03      0    12.41    0.04    0.04      0
        1024           128      int8     sum      -1    13.25    0.08    0.07      0    12.74    0.08    0.07      0
        2048           256      int8     sum      -1    13.20    0.16    0.14      0    12.48    0.16    0.14      0
        4096           512      int8     sum      -1    13.11    0.31    0.27      0    12.54    0.33    0.29      0
        8192          1024      int8     sum      -1    13.22    0.62    0.54      0    13.02    0.63    0.55      0
       16384          2048      int8     sum      -1    13.56    1.21    1.06      0    13.37    1.23    1.07      0
       32768          4096      int8     sum      -1    14.73    2.23    1.95      0    14.89    2.20    1.93      0
       65536          8192      int8     sum      -1    15.41    4.25    3.72      0    15.48    4.23    3.70      0
      131072         16384      int8     sum      -1    15.64    8.38    7.33      0    15.66    8.37    7.32      0
      262144         32768      int8     sum      -1    15.77   16.63   14.55      0    15.77   16.62   14.54      0
      524288         65536      int8     sum      -1    15.96   32.85   28.74      0    16.01   32.75   28.66      0
     1048576        131072      int8     sum      -1    21.89   47.91   41.92      0    21.90   47.88   41.90      0
     2097152        262144      int8     sum      -1    27.83   75.36   65.94      0    27.82   75.38   65.96      0
     4194304        524288      int8     sum      -1    44.93   93.36   81.69      0    44.84   93.55   81.85      0
     8388608       1048576      int8     sum      -1    47.52  176.54  154.47      0    47.36  177.13  154.99      0
    16777216       2097152      int8     sum      -1    67.75  247.63  216.67      0    67.60  248.19  217.17      0
    33554432       4194304      int8     sum      -1    120.1  279.47  244.54      0    119.2  281.39  246.22      0
    67108864       8388608      int8     sum      -1    204.4  328.26  287.23      0    203.9  329.12  287.98      0
   134217728      16777216      int8     sum      -1    398.0  337.23  295.08      0    395.4  339.45  297.02      0
           0             0     uint8     sum      -1     0.13    0.00    0.00      0     0.13    0.00    0.00      0
           0             0     uint8     sum      -1     0.13    0.00    0.00      0     0.13    0.00    0.00      0
          32             4     uint8     sum      -1    12.40    0.00    0.00      0    12.40    0.00    0.00      0
          64             8     uint8     sum      -1    12.69    0.01    0.00      0    12.40    0.01    0.00      0
         128            16     uint8     sum      -1    12.52    0.01    0.01      0    12.53    0.01    0.01      0
         256            32     uint8     sum      -1    12.77    0.02    0.02      0    12.74    0.02    0.02      0
         512            64     uint8     sum      -1    13.22    0.04    0.03      0    13.26    0.04    0.03      0
        1024           128     uint8     sum      -1    13.22    0.08    0.07      0    13.13    0.08    0.07      0
        2048           256     uint8     sum      -1    13.20    0.16    0.14      0    12.92    0.16    0.14      0
        4096           512     uint8     sum      -1    13.11    0.31    0.27      0    12.67    0.32    0.28      0
        8192          1024     uint8     sum      -1    13.24    0.62    0.54      0    12.96    0.63    0.55      0
       16384          2048     uint8     sum      -1    13.57    1.21    1.06      0    13.28    1.23    1.08      0
       32768          4096     uint8     sum      -1    14.71    2.23    1.95      0    14.86    2.21    1.93      0
       65536          8192     uint8     sum      -1    15.39    4.26    3.73      0    15.49    4.23    3.70      0
      131072         16384     uint8     sum      -1    15.91    8.24    7.21      0    15.60    8.40    7.35      0
      262144         32768     uint8     sum      -1    15.77   16.63   14.55      0    15.72   16.67   14.59      0
      524288         65536     uint8     sum      -1    15.94   32.89   28.78      0    15.93   32.91   28.80      0
     1048576        131072     uint8     sum      -1    21.90   47.88   41.89      0    21.86   47.96   41.96      0
     2097152        262144     uint8     sum      -1    27.87   75.24   65.84      0    27.84   75.34   65.92      0
     4194304        524288     uint8     sum      -1    44.92   93.37   81.70      0    44.85   93.52   81.83      0
     8388608       1048576     uint8     sum      -1    47.75  175.67  153.71      0    47.34  177.19  155.04      0
    16777216       2097152     uint8     sum      -1    67.34  249.14  218.00      0    67.09  250.07  218.81      0
    33554432       4194304     uint8     sum      -1    119.8  280.18  245.16      0    119.3  281.18  246.03      0
    67108864       8388608     uint8     sum      -1    204.6  327.98  286.98      0    203.7  329.48  288.29      0
   134217728      16777216     uint8     sum      -1    396.2  338.79  296.44      0    395.2  339.60  297.15      0
           0             0     int32     sum      -1     0.13    0.00    0.00      0     0.13    0.00    0.00      0
           0             0     int32     sum      -1     0.13    0.00    0.00      0     0.13    0.00    0.00      0
           0             0     int32     sum      -1     0.13    0.00    0.00      0     0.13    0.00    0.00      0
           0             0     int32     sum      -1     0.13    0.00    0.00      0     0.13    0.00    0.00      0
         128             4     int32     sum      -1    20.51    0.01    0.01      0    20.50    0.01    0.01      0
         256             8     int32     sum      -1    20.83    0.01    0.01      0    20.61    0.01    0.01      0
         512            16     int32     sum      -1    21.08    0.02    0.02      0    20.92    0.02    0.02      0
        1024            32     int32     sum      -1    20.91    0.05    0.04      0    20.35    0.05    0.04      0
        2048            64     int32     sum      -1    21.01    0.10    0.09      0    20.65    0.10    0.09      0
        4096           128     int32     sum      -1    20.82    0.20    0.17      0    20.51    0.20    0.17      0
        8192           256     int32     sum      -1    21.68    0.38    0.33      0    21.41    0.38    0.33      0
       16384           512     int32     sum      -1    20.78    0.79    0.69      0    20.67    0.79    0.69      0
       32768          1024     int32     sum      -1    21.00    1.56    1.37      0    21.19    1.55    1.35      0
       65536          2048     int32     sum      -1    22.12    2.96    2.59      0    22.14    2.96    2.59      0
      131072          4096     int32     sum      -1    22.59    5.80    5.08      0    22.57    5.81    5.08      0
      262144          8192     int32     sum      -1    22.99   11.40    9.98      0    22.96   11.42    9.99      0
      524288         16384     int32     sum      -1    23.65   22.16   19.39      0    23.64   22.18   19.41      0
     1048576         32768     int32     sum      -1    25.61   40.95   35.83      0    25.60   40.96   35.84      0
     2097152         65536     int32     sum      -1    29.43   71.27   62.36      0    29.41   71.32   62.40      0
     4194304        131072     int32     sum      -1    39.03  107.45   94.02      0    38.97  107.63   94.18      0
     8388608        262144     int32     sum      -1    52.79  158.92  139.05      0    52.74  159.06  139.18      0
    16777216        524288     int32     sum      -1    80.94  207.28  181.37      0    80.88  207.43  181.50      0
    33554432       1048576     int32     sum      -1    132.7  252.80  221.20      0    132.6  252.99  221.36      0
    67108864       2097152     int32     sum      -1    230.3  291.41  254.99      0    230.3  291.45  255.02      0
   134217728       4194304     int32     sum      -1    419.7  319.82  279.84      0    420.0  319.53  279.59      0
           0             0    uint32     sum      -1     0.14    0.00    0.00      0     0.13    0.00    0.00      0
           0             0    uint32     sum      -1     0.13    0.00    0.00      0     0.13    0.00    0.00      0
           0             0    uint32     sum      -1     0.13    0.00    0.00      0     0.13    0.00    0.00      0
           0             0    uint32     sum      -1     0.13    0.00    0.00      0     0.13    0.00    0.00      0
         128             4    uint32     sum      -1    20.50    0.01    0.01      0    20.49    0.01    0.01      0
         256             8    uint32     sum      -1    20.63    0.01    0.01      0    20.61    0.01    0.01      0
         512            16    uint32     sum      -1    21.06    0.02    0.02      0    20.92    0.02    0.02      0
        1024            32    uint32     sum      -1    20.92    0.05    0.04      0    20.33    0.05    0.04      0
        2048            64    uint32     sum      -1    21.06    0.10    0.09      0    20.72    0.10    0.09      0
        4096           128    uint32     sum      -1    20.92    0.20    0.17      0    20.47    0.20    0.18      0
        8192           256    uint32     sum      -1    21.69    0.38    0.33      0    21.43    0.38    0.33      0
       16384           512    uint32     sum      -1    20.79    0.79    0.69      0    20.66    0.79    0.69      0
       32768          1024    uint32     sum      -1    20.98    1.56    1.37      0    21.18    1.55    1.35      0
       65536          2048    uint32     sum      -1    22.14    2.96    2.59      0    22.14    2.96    2.59      0
      131072          4096    uint32     sum      -1    22.60    5.80    5.07      0    22.86    5.73    5.02      0
      262144          8192    uint32     sum      -1    22.99   11.40    9.98      0    22.97   11.41    9.99      0
      524288         16384    uint32     sum      -1    23.78   22.05   19.29      0    23.73   22.09   19.33      0
     1048576         32768    uint32     sum      -1    25.81   40.63   35.55      0    25.81   40.63   35.55      0
     2097152         65536    uint32     sum      -1    29.50   71.09   62.20      0    29.46   71.18   62.28      0
     4194304        131072    uint32     sum      -1    39.03  107.47   94.04      0    38.99  107.57   94.13      0
     8388608        262144    uint32     sum      -1    52.95  158.43  138.63      0    52.92  158.52  138.71      0
    16777216        524288    uint32     sum      -1    81.65  205.47  179.78      0    81.34  206.26  180.47      0
    33554432       1048576    uint32     sum      -1    133.4  251.49  220.05      0    133.3  251.65  220.19      0
    67108864       2097152    uint32     sum      -1    234.3  286.46  250.66      0    234.1  286.61  250.78      0
   134217728       4194304    uint32     sum      -1    425.3  315.59  276.15      0    424.5  316.19  276.67      0
           0             0     int64     sum      -1     0.13    0.00    0.00      0     0.13    0.00    0.00      0
           0             0     int64     sum      -1     0.13    0.00    0.00      0     0.13    0.00    0.00      0
           0             0     int64     sum      -1     0.13    0.00    0.00      0     0.13    0.00    0.00      0
           0             0     int64     sum      -1     0.13    0.00    0.00      0     0.13    0.00    0.00      0
           0             0     int64     sum      -1     0.13    0.00    0.00      0     0.13    0.00    0.00      0
         256             4     int64     sum      -1    20.96    0.01    0.01      0    20.90    0.01    0.01      0
         512             8     int64     sum      -1    21.08    0.02    0.02      0    20.89    0.02    0.02      0
        1024            16     int64     sum      -1    21.04    0.05    0.04      0    20.48    0.05    0.04      0
        2048            32     int64     sum      -1    21.11    0.10    0.08      0    20.73    0.10    0.09      0
        4096            64     int64     sum      -1    20.98    0.20    0.17      0    20.58    0.20    0.17      0
        8192           128     int64     sum      -1    20.85    0.39    0.34      0    20.57    0.40    0.35      0
       16384           256     int64     sum      -1    20.82    0.79    0.69      0    20.72    0.79    0.69      0
       32768           512     int64     sum      -1    21.05    1.56    1.36      0    21.24    1.54    1.35      0
       65536          1024     int64     sum      -1    22.23    2.95    2.58      0    22.23    2.95    2.58      0
      131072          2048     int64     sum      -1    22.64    5.79    5.07      0    22.62    5.79    5.07      0
      262144          4096     int64     sum      -1    23.06   11.37    9.95      0    23.03   11.38    9.96      0
      524288          8192     int64     sum      -1    23.71   22.11   19.35      0    23.69   22.13   19.36      0
     1048576         16384     int64     sum      -1    25.63   40.91   35.79      0    25.62   40.93   35.81      0
     2097152         32768     int64     sum      -1    29.46   71.19   62.29      0    29.44   71.24   62.33      0
     4194304         65536     int64     sum      -1    39.06  107.37   93.95      0    39.00  107.55   94.11      0
     8388608        131072     int64     sum      -1    52.72  159.13  139.24      0    52.70  159.17  139.27      0
    16777216        262144     int64     sum      -1    80.88  207.42  181.50      0    80.80  207.64  181.68      0
    33554432        524288     int64     sum      -1    132.8  252.69  221.10      0    132.5  253.24  221.58      0
    67108864       1048576     int64     sum      -1    229.7  292.14  255.63      0    229.3  292.70  256.11      0
   134217728       2097152     int64     sum      -1    418.1  321.00  280.88      0    418.5  320.69  280.60      0
           0             0    uint64     sum      -1     0.13    0.00    0.00      0     0.13    0.00    0.00      0
           0             0    uint64     sum      -1     0.13    0.00    0.00      0     0.13    0.00    0.00      0
           0             0    uint64     sum      -1     0.13    0.00    0.00      0     0.13    0.00    0.00      0
           0             0    uint64     sum      -1     0.13    0.00    0.00      0     0.13    0.00    0.00      0
           0             0    uint64     sum      -1     0.13    0.00    0.00      0     0.13    0.00    0.00      0
         256             4    uint64     sum      -1    20.95    0.01    0.01      0    20.92    0.01    0.01      0
         512             8    uint64     sum      -1    21.08    0.02    0.02      0    20.90    0.02    0.02      0
        1024            16    uint64     sum      -1    21.08    0.05    0.04      0    20.52    0.05    0.04      0
        2048            32    uint64     sum      -1    21.12    0.10    0.08      0    20.76    0.10    0.09      0
        4096            64    uint64     sum      -1    21.01    0.19    0.17      0    20.55    0.20    0.17      0
        8192           128    uint64     sum      -1    20.86    0.39    0.34      0    20.60    0.40    0.35      0
       16384           256    uint64     sum      -1    20.83    0.79    0.69      0    20.71    0.79    0.69      0
       32768           512    uint64     sum      -1    21.05    1.56    1.36      0    21.24    1.54    1.35      0
       65536          1024    uint64     sum      -1    22.23    2.95    2.58      0    22.22    2.95    2.58      0
      131072          2048    uint64     sum      -1    22.65    5.79    5.06      0    22.64    5.79    5.07      0
      262144          4096    uint64     sum      -1    23.07   11.36    9.94      0    23.03   11.38    9.96      0
      524288          8192    uint64     sum      -1    23.81   22.02   19.27      0    23.80   22.03   19.28      0
     1048576         16384    uint64     sum      -1    25.86   40.55   35.48      0    25.85   40.56   35.49      0
     2097152         32768    uint64     sum      -1    29.54   71.00   62.12      0    29.56   70.95   62.08      0
     4194304         65536    uint64     sum      -1    39.09  107.31   93.89      0    39.04  107.43   94.00      0
     8388608        131072    uint64     sum      -1    52.96  158.40  138.60      0    52.92  158.52  138.71      0
    16777216        262144    uint64     sum      -1    81.45  205.99  180.24      0    81.33  206.30  180.51      0
    33554432        524288    uint64     sum      -1    133.4  251.60  220.15      0    133.4  251.52  220.08      0
    67108864       1048576    uint64     sum      -1    233.8  287.09  251.21      0    234.3  286.46  250.65      0
   134217728       2097152    uint64     sum      -1    426.0  315.05  275.67      0    425.7  315.27  275.87      0
           0             0      half     sum      -1     0.13    0.00    0.00      0     0.13    0.00    0.00      0
           0             0      half     sum      -1     0.13    0.00    0.00      0     0.13    0.00    0.00      0
           0             0      half     sum      -1     0.13    0.00    0.00      0     0.13    0.00    0.00      0
          64             4      half     sum      -1    23.15    0.00    0.00      0    23.37    0.00    0.00      0
         128             8      half     sum      -1    20.88    0.01    0.01      0    20.88    0.01    0.01      0
         256            16      half     sum      -1    21.08    0.01    0.01      0    21.29    0.01    0.01      0
         512            32      half     sum      -1    21.47    0.02    0.02      0    21.37    0.02    0.02      0
        1024            64      half     sum      -1    21.49    0.05    0.04      0    21.00    0.05    0.04      0
        2048           128      half     sum      -1    21.63    0.09    0.08      0    21.27    0.10    0.08      0
        4096           256      half     sum      -1    21.45    0.19    0.17      0    21.02    0.19    0.17      0
        8192           512      half     sum      -1    21.32    0.38    0.34      0    21.34    0.38    0.34      0
       16384          1024      half     sum      -1    21.36    0.77    0.67      0    21.23    0.77    0.68      0
       32768          2048      half     sum      -1    21.55    1.52    1.33      0    21.77    1.51    1.32      0
       65536          4096      half     sum      -1    22.81    2.87    2.51      0    22.82    2.87    2.51      0
      131072          8192      half     sum      -1    23.15    5.66    4.95      0    23.13    5.67    4.96      0
      262144         16384      half     sum      -1    23.54   11.14    9.74      0    23.52   11.15    9.75      0
      524288         32768      half     sum      -1    24.25   21.62   18.92      0    24.25   21.62   18.92      0
     1048576         65536      half     sum      -1    26.22   39.99   34.99      0    26.23   39.97   34.98      0
     2097152        131072      half     sum      -1    30.22   69.40   60.73      0    30.18   69.48   60.79      0
     4194304        262144      half     sum      -1    40.89  102.57   89.75      0    40.79  102.82   89.97      0
     8388608        524288      half     sum      -1    54.04  155.24  135.83      0    53.96  155.45  136.02      0
    16777216       1048576      half     sum      -1    81.85  204.98  179.36      0    81.82  205.05  179.42      0
    33554432       2097152      half     sum      -1    132.0  254.24  222.46      0    131.8  254.68  222.84      0
    67108864       4194304      half     sum      -1    237.6  282.42  247.12      0    237.6  282.50  247.19      0
   134217728       8388608      half     sum      -1    424.7  316.03  276.52      0    425.2  315.64  276.18      0
           0             0     float     sum      -1     0.13    0.00    0.00      0     0.13    0.00    0.00      0
           0             0     float     sum      -1     0.13    0.00    0.00      0     0.13    0.00    0.00      0
           0             0     float     sum      -1     0.13    0.00    0.00      0     0.13    0.00    0.00      0
           0             0     float     sum      -1     0.13    0.00    0.00      0     0.13    0.00    0.00      0
         128             4     float     sum      -1    20.76    0.01    0.01      0    20.76    0.01    0.01      0
         256             8     float     sum      -1    20.75    0.01    0.01      0    20.73    0.01    0.01      0
         512            16     float     sum      -1    21.20    0.02    0.02      0    21.03    0.02    0.02      0
        1024            32     float     sum      -1    21.22    0.05    0.04      0    20.71    0.05    0.04      0
        2048            64     float     sum      -1    21.34    0.10    0.08      0    20.99    0.10    0.09      0
        4096           128     float     sum      -1    20.89    0.20    0.17      0    20.57    0.20    0.17      0
        8192           256     float     sum      -1    20.87    0.39    0.34      0    20.64    0.40    0.35      0
       16384           512     float     sum      -1    20.92    0.78    0.69      0    20.82    0.79    0.69      0
       32768          1024     float     sum      -1    21.07    1.56    1.36      0    21.26    1.54    1.35      0
       65536          2048     float     sum      -1    22.24    2.95    2.58      0    22.24    2.95    2.58      0
      131072          4096     float     sum      -1    22.65    5.79    5.06      0    22.63    5.79    5.07      0
      262144          8192     float     sum      -1    23.08   11.36    9.94      0    23.05   11.37    9.95      0
      524288         16384     float     sum      -1    23.83   22.00   19.25      0    23.84   21.99   19.24      0
     1048576         32768     float     sum      -1    25.87   40.54   35.47      0    25.86   40.54   35.47      0
     2097152         65536     float     sum      -1    29.92   70.09   61.33      0    29.86   70.23   61.45      0
     4194304        131072     float     sum      -1    40.65  103.17   90.27      0    40.65  103.19   90.29      0
     8388608        262144     float     sum      -1    53.52  156.74  137.15      0    53.50  156.80  137.20      0
    16777216        524288     float     sum      -1    80.49  208.45  182.39      0    80.48  208.46  182.40      0
    33554432       1048576     float     sum      -1    129.1  259.84  227.36      0    129.1  259.93  227.44      0
    67108864       2097152     float     sum      -1    237.0  283.13  247.74      0    237.4  282.73  247.39      0
   134217728       4194304     float     sum      -1    426.6  314.61  275.28      0    426.6  314.61  275.29      0
           0             0    double     sum      -1     0.13    0.00    0.00      0     0.13    0.00    0.00      0
           0             0    double     sum      -1     0.13    0.00    0.00      0     0.13    0.00    0.00      0
           0             0    double     sum      -1     0.13    0.00    0.00      0     0.13    0.00    0.00      0
           0             0    double     sum      -1     0.13    0.00    0.00      0     0.13    0.00    0.00      0
           0             0    double     sum      -1     0.13    0.00    0.00      0     0.13    0.00    0.00      0
         256             4    double     sum      -1    20.95    0.01    0.01      0    21.20    0.01    0.01      0
         512             8    double     sum      -1    21.05    0.02    0.02      0    20.91    0.02    0.02      0
        1024            16    double     sum      -1    21.07    0.05    0.04      0    20.56    0.05    0.04      0
        2048            32    double     sum      -1    21.14    0.10    0.08      0    20.78    0.10    0.09      0
        4096            64    double     sum      -1    20.89    0.20    0.17      0    20.57    0.20    0.17      0
        8192           128    double     sum      -1    20.87    0.39    0.34      0    20.60    0.40    0.35      0
       16384           256    double     sum      -1    20.82    0.79    0.69      0    20.72    0.79    0.69      0
       32768           512    double     sum      -1    21.04    1.56    1.36      0    21.26    1.54    1.35      0
       65536          1024    double     sum      -1    22.22    2.95    2.58      0    22.23    2.95    2.58      0
      131072          2048    double     sum      -1    22.64    5.79    5.07      0    22.61    5.80    5.07      0
      262144          4096    double     sum      -1    23.07   11.36    9.94      0    23.01   11.39    9.97      0
      524288          8192    double     sum      -1    23.75   22.08   19.32      0    23.69   22.13   19.36      0
     1048576         16384    double     sum      -1    25.70   40.80   35.70      0    25.99   40.35   35.30      0
     2097152         32768    double     sum      -1    29.51   71.08   62.19      0    29.49   71.11   62.22      0
     4194304         65536    double     sum      -1    39.08  107.33   93.92      0    39.31  106.69   93.36      0
     8388608        131072    double     sum      -1    52.78  158.94  139.07      0    52.72  159.12  139.23      0
    16777216        262144    double     sum      -1    81.16  206.71  180.87      0    80.85  207.51  181.57      0
    33554432        524288    double     sum      -1    133.0  252.24  220.71      0    132.6  252.96  221.34      0
    67108864       1048576    double     sum      -1    230.1  291.67  255.22      0    230.3  291.41  254.98      0
   134217728       2097152    double     sum      -1    419.9  319.63  279.67      0    419.7  319.79  279.82      0
           0             0  bfloat16     sum      -1     0.13    0.00    0.00      0     0.13    0.00    0.00      0
           0             0  bfloat16     sum      -1     0.13    0.00    0.00      0     0.13    0.00    0.00      0
           0             0  bfloat16     sum      -1     0.13    0.00    0.00      0     0.13    0.00    0.00      0
          64             4  bfloat16     sum      -1    23.26    0.00    0.00      0    23.16    0.00    0.00      0
         128             8  bfloat16     sum      -1    20.90    0.01    0.01      0    20.92    0.01    0.01      0
         256            16  bfloat16     sum      -1    21.13    0.01    0.01      0    21.08    0.01    0.01      0
         512            32  bfloat16     sum      -1    21.56    0.02    0.02      0    21.40    0.02    0.02      0
        1024            64  bfloat16     sum      -1    21.57    0.05    0.04      0    21.02    0.05    0.04      0
        2048           128  bfloat16     sum      -1    21.70    0.09    0.08      0    21.33    0.10    0.08      0
        4096           256  bfloat16     sum      -1    21.37    0.19    0.17      0    21.07    0.19    0.17      0
        8192           512  bfloat16     sum      -1    21.39    0.38    0.34      0    21.09    0.39    0.34      0
       16384          1024  bfloat16     sum      -1    21.45    0.76    0.67      0    21.29    0.77    0.67      0
       32768          2048  bfloat16     sum      -1    21.57    1.52    1.33      0    21.79    1.50    1.32      0
       65536          4096  bfloat16     sum      -1    22.80    2.87    2.51      0    22.82    2.87    2.51      0
      131072          8192  bfloat16     sum      -1    23.14    5.66    4.96      0    23.12    5.67    4.96      0
      262144         16384  bfloat16     sum      -1    23.54   11.14    9.74      0    23.50   11.15    9.76      0
      524288         32768  bfloat16     sum      -1    24.35   21.53   18.84      0    24.33   21.55   18.86      0
     1048576         65536  bfloat16     sum      -1    26.39   39.73   34.77      0    26.36   39.79   34.81      0
     2097152        131072  bfloat16     sum      -1    30.39   69.02   60.39      0    30.35   69.10   60.46      0
     4194304        262144  bfloat16     sum      -1    41.23  101.74   89.02      0    41.19  101.83   89.10      0
     8388608        524288  bfloat16     sum      -1    54.43  154.11  134.84      0    54.34  154.38  135.08      0
    16777216       1048576  bfloat16     sum      -1    82.27  203.93  178.44      0    82.20  204.11  178.60      0
    33554432       2097152  bfloat16     sum      -1    131.9  254.49  222.68      0    131.7  254.82  222.96      0
    67108864       4194304  bfloat16     sum      -1    240.6  278.95  244.08      0    240.0  279.67  244.71      0
   134217728       8388608  bfloat16     sum      -1    429.7  312.35  273.31      0    428.4  313.33  274.16      0
# Out of bounds values : 0 OK
# Avg bus bandwidth    : 53.1219 
#

