# nThread 1 nGpus 1 minBytes 8 maxBytes 134217728 step: 2(factor) warmup iters: 100 iters: 1000 agg iters: 1 validation: 1 graph: 0
#
# Using devices
#  Rank  0 Group  0 Pid  30858 on   bjys1148 device  0 [0x2a] NVIDIA H20
#  Rank  1 Group  0 Pid  30859 on   bjys1148 device  1 [0x3a] NVIDIA H20
#  Rank  2 Group  0 Pid  30860 on   bjys1148 device  2 [0x4c] NVIDIA H20
#  Rank  3 Group  0 Pid  30861 on   bjys1148 device  3 [0x5c] NVIDIA H20
#  Rank  4 Group  0 Pid  30862 on   bjys1148 device  4 [0xaa] NVIDIA H20
#  Rank  5 Group  0 Pid  30864 on   bjys1148 device  5 [0xba] NVIDIA H20
#  Rank  6 Group  0 Pid  30868 on   bjys1148 device  6 [0xca] NVIDIA H20
#  Rank  7 Group  0 Pid  30872 on   bjys1148 device  7 [0xda] NVIDIA H20
#
#                                                              out-of-place                       in-place          
#       size         count      type   redop    root     time   algbw   busbw #wrong     time   algbw   busbw #wrong
#        (B)    (elements)                               (us)  (GB/s)  (GB/s)            (us)  (GB/s)  (GB/s)       
           8             8      int8    none       0     8.13    0.00    0.00      0     7.05    0.00    0.00      0
          16            16      int8    none       0     7.04    0.00    0.00      0     7.04    0.00    0.00      0
          32            32      int8    none       0     7.04    0.00    0.00      0     7.04    0.00    0.00      0
          64            64      int8    none       0     7.05    0.01    0.01      0     7.04    0.01    0.01      0
         128           128      int8    none       0     7.04    0.02    0.02      0     7.04    0.02    0.02      0
         256           256      int8    none       0     7.54    0.03    0.03      0     7.02    0.04    0.04      0
         512           512      int8    none       0     7.29    0.07    0.07      0     7.03    0.07    0.07      0
        1024          1024      int8    none       0     7.48    0.14    0.14      0     7.32    0.14    0.14      0
        2048          2048      int8    none       0     7.61    0.27    0.27      0     7.62    0.27    0.27      0
        4096          4096      int8    none       0     8.55    0.48    0.48      0     8.49    0.48    0.48      0
        8192          8192      int8    none       0     9.23    0.89    0.89      0     9.17    0.89    0.89      0
       16384         16384      int8    none       0    10.01    1.64    1.64      0     9.96    1.65    1.65      0
       32768         32768      int8    none       0    11.63    2.82    2.82      0    11.65    2.81    2.81      0
       65536         65536      int8    none       0    11.89    5.51    5.51      0    11.89    5.51    5.51      0
      131072        131072      int8    none       0    12.10   10.84   10.84      0    12.13   10.80   10.80      0
      262144        262144      int8    none       0    12.32   21.28   21.28      0    12.46   21.03   21.03      0
      524288        524288      int8    none       0    12.45   42.11   42.11      0    12.45   42.13   42.13      0
     1048576       1048576      int8    none       0    15.43   67.97   67.97      0    15.33   68.38   68.38      0
     2097152       2097152      int8    none       0    21.05   99.63   99.63      0    20.86  100.52  100.52      0
     4194304       4194304      int8    none       0    27.67  151.60  151.60      0    27.73  151.25  151.25      0
     8388608       8388608      int8    none       0    40.53  207.00  207.00      0    40.55  206.85  206.85      0
    16777216      16777216      int8    none       0    66.92  250.69  250.69      0    66.78  251.23  251.23      0
    33554432      33554432      int8    none       0    114.6  292.77  292.77      0    114.8  292.20  292.20      0
    67108864      67108864      int8    none       0    208.1  322.54  322.54      0    208.6  321.68  321.68      0
   134217728     134217728      int8    none       0    395.2  339.64  339.64      0    394.0  340.67  340.67      0
           8             8     uint8    none       0     7.05    0.00    0.00      0     7.05    0.00    0.00      0
          16            16     uint8    none       0     7.05    0.00    0.00      0     7.05    0.00    0.00      0
          32            32     uint8    none       0     7.05    0.00    0.00      0     7.05    0.00    0.00      0
          64            64     uint8    none       0     7.05    0.01    0.01      0     7.06    0.01    0.01      0
         128           128     uint8    none       0     7.05    0.02    0.02      0     7.05    0.02    0.02      0
         256           256     uint8    none       0     7.50    0.03    0.03      0     7.03    0.04    0.04      0
         512           512     uint8    none       0     7.31    0.07    0.07      0     7.04    0.07    0.07      0
        1024          1024     uint8    none       0     7.69    0.13    0.13      0     7.33    0.14    0.14      0
        2048          2048     uint8    none       0     7.62    0.27    0.27      0     7.62    0.27    0.27      0
        4096          4096     uint8    none       0     8.55    0.48    0.48      0     8.50    0.48    0.48      0
        8192          8192     uint8    none       0     9.24    0.89    0.89      0     9.19    0.89    0.89      0
       16384         16384     uint8    none       0    10.03    1.63    1.63      0     9.96    1.65    1.65      0
       32768         32768     uint8    none       0    11.67    2.81    2.81      0    11.66    2.81    2.81      0
       65536         65536     uint8    none       0    11.92    5.50    5.50      0    11.88    5.51    5.51      0
      131072        131072     uint8    none       0    12.10   10.83   10.83      0    12.17   10.77   10.77      0
      262144        262144     uint8    none       0    12.26   21.39   21.39      0    12.26   21.38   21.38      0
      524288        524288     uint8    none       0    12.36   42.42   42.42      0    12.37   42.40   42.40      0
     1048576       1048576     uint8    none       0    15.44   67.92   67.92      0    15.33   68.38   68.38      0
     2097152       2097152     uint8    none       0    21.06   99.60   99.60      0    20.81  100.80  100.80      0
     4194304       4194304     uint8    none       0    27.52  152.39  152.39      0    27.49  152.55  152.55      0
     8388608       8388608     uint8    none       0    40.27  208.29  208.29      0    40.28  208.28  208.28      0
    16777216      16777216     uint8    none       0    66.59  251.93  251.93      0    66.67  251.63  251.63      0
    33554432      33554432     uint8    none       0    114.4  293.20  293.20      0    114.3  293.54  293.54      0
    67108864      67108864     uint8    none       0    207.9  322.86  322.86      0    208.0  322.64  322.64      0
   134217728     134217728     uint8    none       0    394.0  340.64  340.64      0    394.1  340.54  340.54      0
           8             2     int32    none       0     7.04    0.00    0.00      0     7.04    0.00    0.00      0
          16             4     int32    none       0     7.04    0.00    0.00      0     7.05    0.00    0.00      0
          32             8     int32    none       0     7.04    0.00    0.00      0     7.04    0.00    0.00      0
          64            16     int32    none       0     7.05    0.01    0.01      0     7.05    0.01    0.01      0
         128            32     int32    none       0     7.04    0.02    0.02      0     7.05    0.02    0.02      0
         256            64     int32    none       0     7.56    0.03    0.03      0     7.03    0.04    0.04      0
         512           128     int32    none       0     7.30    0.07    0.07      0     7.04    0.07    0.07      0
        1024           256     int32    none       0     7.49    0.14    0.14      0     7.33    0.14    0.14      0
        2048           512     int32    none       0     7.62    0.27    0.27      0     7.61    0.27    0.27      0
        4096          1024     int32    none       0     8.54    0.48    0.48      0     8.49    0.48    0.48      0
        8192          2048     int32    none       0     9.28    0.88    0.88      0     9.16    0.89    0.89      0
       16384          4096     int32    none       0    10.06    1.63    1.63      0     9.96    1.65    1.65      0
       32768          8192     int32    none       0    11.64    2.82    2.82      0    11.64    2.81    2.81      0
       65536         16384     int32    none       0    11.89    5.51    5.51      0    11.92    5.50    5.50      0
      131072         32768     int32    none       0    12.09   10.84   10.84      0    12.13   10.81   10.81      0
      262144         65536     int32    none       0    12.26   21.39   21.39      0    12.27   21.36   21.36      0
      524288        131072     int32    none       0    12.44   42.16   42.16      0    12.44   42.15   42.15      0
     1048576        262144     int32    none       0    15.41   68.06   68.06      0    15.37   68.22   68.22      0
     2097152        524288     int32    none       0    21.04   99.65   99.65      0    20.84  100.64  100.64      0
     4194304       1048576     int32    none       0    27.79  150.90  150.90      0    27.65  151.70  151.70      0
     8388608       2097152     int32    none       0    40.54  206.93  206.93      0    40.38  207.72  207.72      0
    16777216       4194304     int32    none       0    66.99  250.44  250.44      0    66.84  251.01  251.01      0
    33554432       8388608     int32    none       0    114.6  292.82  292.82      0    114.6  292.80  292.80      0
    67108864      16777216     int32    none       0    208.8  321.39  321.39      0    208.2  322.40  322.40      0
   134217728      33554432     int32    none       0    395.0  339.75  339.75      0    394.4  340.32  340.32      0
           8             2    uint32    none       0     7.04    0.00    0.00      0     7.04    0.00    0.00      0
          16             4    uint32    none       0     7.05    0.00    0.00      0     7.05    0.00    0.00      0
          32             8    uint32    none       0     7.05    0.00    0.00      0     7.05    0.00    0.00      0
          64            16    uint32    none       0     7.05    0.01    0.01      0     7.05    0.01    0.01      0
         128            32    uint32    none       0     7.05    0.02    0.02      0     7.05    0.02    0.02      0
         256            64    uint32    none       0     7.56    0.03    0.03      0     7.03    0.04    0.04      0
         512           128    uint32    none       0     7.30    0.07    0.07      0     7.04    0.07    0.07      0
        1024           256    uint32    none       0     7.49    0.14    0.14      0     7.33    0.14    0.14      0
        2048           512    uint32    none       0     7.62    0.27    0.27      0     7.62    0.27    0.27      0
        4096          1024    uint32    none       0     8.56    0.48    0.48      0     8.50    0.48    0.48      0
        8192          2048    uint32    none       0     9.34    0.88    0.88      0     9.18    0.89    0.89      0
       16384          4096    uint32    none       0    10.04    1.63    1.63      0     9.95    1.65    1.65      0
       32768          8192    uint32    none       0    11.53    2.84    2.84      0    11.67    2.81    2.81      0
       65536         16384    uint32    none       0    11.88    5.51    5.51      0    11.90    5.51    5.51      0
      131072         32768    uint32    none       0    12.09   10.84   10.84      0    12.11   10.82   10.82      0
      262144         65536    uint32    none       0    12.24   21.42   21.42      0    12.24   21.42   21.42      0
      524288        131072    uint32    none       0    12.36   42.41   42.41      0    12.34   42.47   42.47      0
     1048576        262144    uint32    none       0    15.41   68.05   68.05      0    15.34   68.34   68.34      0
     2097152        524288    uint32    none       0    21.06   99.59   99.59      0    20.81  100.79  100.79      0
     4194304       1048576    uint32    none       0    27.65  151.67  151.67      0    27.50  152.54  152.54      0
     8388608       2097152    uint32    none       0    40.27  208.33  208.33      0    40.26  208.35  208.35      0
    16777216       4194304    uint32    none       0    66.68  251.59  251.59      0    66.71  251.49  251.49      0
    33554432       8388608    uint32    none       0    114.4  293.34  293.34      0    114.4  293.26  293.26      0
    67108864      16777216    uint32    none       0    207.6  323.31  323.31      0    207.7  323.09  323.09      0
   134217728      33554432    uint32    none       0    393.7  340.94  340.94      0    394.4  340.35  340.35      0
           8             1     int64    none       0     7.04    0.00    0.00      0     7.04    0.00    0.00      0
          16             2     int64    none       0     7.05    0.00    0.00      0     7.05    0.00    0.00      0
          32             4     int64    none       0     7.05    0.00    0.00      0     7.05    0.00    0.00      0
          64             8     int64    none       0     7.05    0.01    0.01      0     7.05    0.01    0.01      0
         128            16     int64    none       0     7.05    0.02    0.02      0     7.05    0.02    0.02      0
         256            32     int64    none       0     7.55    0.03    0.03      0     7.04    0.04    0.04      0
         512            64     int64    none       0     7.30    0.07    0.07      0     7.03    0.07    0.07      0
        1024           128     int64    none       0     7.49    0.14    0.14      0     7.32    0.14    0.14      0
        2048           256     int64    none       0     7.61    0.27    0.27      0     7.61    0.27    0.27      0
        4096           512     int64    none       0     8.55    0.48    0.48      0     8.49    0.48    0.48      0
        8192          1024     int64    none       0     9.24    0.89    0.89      0     9.16    0.89    0.89      0
       16384          2048     int64    none       0    10.01    1.64    1.64      0     9.96    1.64    1.64      0
       32768          4096     int64    none       0    11.63    2.82    2.82      0    11.66    2.81    2.81      0
       65536          8192     int64    none       0    11.88    5.52    5.52      0    11.94    5.49    5.49      0
      131072         16384     int64    none       0    12.10   10.83   10.83      0    12.12   10.82   10.82      0
      262144         32768     int64    none       0    12.26   21.38   21.38      0    12.26   21.37   21.37      0
      524288         65536     int64    none       0    12.40   42.29   42.29      0    12.43   42.19   42.19      0
     1048576        131072     int64    none       0    15.39   68.12   68.12      0    15.32   68.47   68.47      0
     2097152        262144     int64    none       0    21.05   99.64   99.64      0    20.87  100.49  100.49      0
     4194304        524288     int64    none       0    27.75  151.14  151.14      0    27.63  151.81  151.81      0
     8388608       1048576     int64    none       0    40.61  206.56  206.56      0    40.58  206.72  206.72      0
    16777216       2097152     int64    none       0    66.90  250.79  250.79      0    66.83  251.03  251.03      0
    33554432       4194304     int64    none       0    114.7  292.63  292.63      0    114.6  292.70  292.70      0
    67108864       8388608     int64    none       0    208.1  322.51  322.51      0    208.5  321.88  321.88      0
   134217728      16777216     int64    none       0    394.7  340.06  340.06      0    394.8  339.99  339.99      0
           8             1    uint64    none       0     7.05    0.00    0.00      0     7.05    0.00    0.00      0
          16             2    uint64    none       0     7.04    0.00    0.00      0     7.05    0.00    0.00      0
          32             4    uint64    none       0     7.05    0.00    0.00      0     7.05    0.00    0.00      0
          64             8    uint64    none       0     7.05    0.01    0.01      0     7.05    0.01    0.01      0
         128            16    uint64    none       0     7.06    0.02    0.02      0     7.05    0.02    0.02      0
         256            32    uint64    none       0     7.55    0.03    0.03      0     7.07    0.04    0.04      0
         512            64    uint64    none       0     7.30    0.07    0.07      0     7.02    0.07    0.07      0
        1024           128    uint64    none       0     7.48    0.14    0.14      0     7.32    0.14    0.14      0
        2048           256    uint64    none       0     7.61    0.27    0.27      0     7.61    0.27    0.27      0
        4096           512    uint64    none       0     8.54    0.48    0.48      0     8.48    0.48    0.48      0
        8192          1024    uint64    none       0     9.25    0.89    0.89      0     9.17    0.89    0.89      0
       16384          2048    uint64    none       0    10.02    1.64    1.64      0     9.95    1.65    1.65      0
       32768          4096    uint64    none       0    11.65    2.81    2.81      0    11.66    2.81    2.81      0
       65536          8192    uint64    none       0    11.89    5.51    5.51      0    11.89    5.51    5.51      0
      131072         16384    uint64    none       0    12.13   10.80   10.80      0    12.11   10.82   10.82      0
      262144         32768    uint64    none       0    12.23   21.43   21.43      0    12.25   21.40   21.40      0
      524288         65536    uint64    none       0    12.35   42.44   42.44      0    12.37   42.40   42.40      0
     1048576        131072    uint64    none       0    15.41   68.03   68.03      0    15.29   68.56   68.56      0
     2097152        262144    uint64    none       0    21.05   99.63   99.63      0    20.83  100.69  100.69      0
     4194304        524288    uint64    none       0    27.51  152.45  152.45      0    27.60  151.97  151.97      0
     8388608       1048576    uint64    none       0    40.34  207.97  207.97      0    40.25  208.40  208.40      0
    16777216       2097152    uint64    none       0    66.65  251.70  251.70      0    66.70  251.52  251.52      0
    33554432       4194304    uint64    none       0    114.3  293.49  293.49      0    114.5  293.04  293.04      0
    67108864       8388608    uint64    none       0    207.6  323.26  323.26      0    207.9  322.79  322.79      0
   134217728      16777216    uint64    none       0    394.7  340.04  340.04      0    394.8  339.96  339.96      0
           8             4      half    none       0     6.91    0.00    0.00      0     6.91    0.00    0.00      0
          16             8      half    none       0     7.04    0.00    0.00      0     7.04    0.00    0.00      0
          32            16      half    none       0     7.05    0.00    0.00      0     7.05    0.00    0.00      0
          64            32      half    none       0     7.05    0.01    0.01      0     7.04    0.01    0.01      0
         128            64      half    none       0     7.05    0.02    0.02      0     7.04    0.02    0.02      0
         256           128      half    none       0     7.55    0.03    0.03      0     7.03    0.04    0.04      0
         512           256      half    none       0     7.30    0.07    0.07      0     7.04    0.07    0.07      0
        1024           512      half    none       0     7.49    0.14    0.14      0     7.33    0.14    0.14      0
        2048          1024      half    none       0     7.62    0.27    0.27      0     7.62    0.27    0.27      0
        4096          2048      half    none       0     8.55    0.48    0.48      0     8.69    0.47    0.47      0
        8192          4096      half    none       0     9.28    0.88    0.88      0     9.16    0.89    0.89      0
       16384          8192      half    none       0    10.05    1.63    1.63      0     9.94    1.65    1.65      0
       32768         16384      half    none       0    11.64    2.81    2.81      0    11.65    2.81    2.81      0
       65536         32768      half    none       0    11.89    5.51    5.51      0    11.92    5.50    5.50      0
      131072         65536      half    none       0    12.10   10.83   10.83      0    12.12   10.81   10.81      0
      262144        131072      half    none       0    12.26   21.39   21.39      0    12.28   21.34   21.34      0
      524288        262144      half    none       0    12.42   42.20   42.20      0    12.43   42.18   42.18      0
     1048576        524288      half    none       0    15.45   67.87   67.87      0    15.33   68.40   68.40      0
     2097152       1048576      half    none       0    21.05   99.62   99.62      0    20.87  100.50  100.50      0
     4194304       2097152      half    none       0    27.65  151.72  151.72      0    27.65  151.67  151.67      0
     8388608       4194304      half    none       0    40.42  207.52  207.52      0    40.39  207.68  207.68      0
    16777216       8388608      half    none       0    66.90  250.78  250.78      0    66.89  250.84  250.84      0
    33554432      16777216      half    none       0    114.7  292.53  292.53      0    114.5  293.16  293.16      0
    67108864      33554432      half    none       0    208.7  321.57  321.57      0    208.7  321.58  321.58      0
   134217728      67108864      half    none       0    394.9  339.90  339.90      0    394.8  339.92  339.92      0
           8             2     float    none       0     7.06    0.00    0.00      0     7.05    0.00    0.00      0
          16             4     float    none       0     7.05    0.00    0.00      0     7.05    0.00    0.00      0
          32             8     float    none       0     7.06    0.00    0.00      0     7.05    0.00    0.00      0
          64            16     float    none       0     7.06    0.01    0.01      0     7.06    0.01    0.01      0
         128            32     float    none       0     7.06    0.02    0.02      0     7.06    0.02    0.02      0
         256            64     float    none       0     7.55    0.03    0.03      0     7.03    0.04    0.04      0
         512           128     float    none       0     7.30    0.07    0.07      0     7.03    0.07    0.07      0
        1024           256     float    none       0     7.43    0.14    0.14      0     7.33    0.14    0.14      0
        2048           512     float    none       0     7.62    0.27    0.27      0     7.62    0.27    0.27      0
        4096          1024     float    none       0     8.55    0.48    0.48      0     8.51    0.48    0.48      0
        8192          2048     float    none       0     9.25    0.89    0.89      0     9.17    0.89    0.89      0
       16384          4096     float    none       0    10.00    1.64    1.64      0     9.95    1.65    1.65      0
       32768          8192     float    none       0    11.63    2.82    2.82      0    11.64    2.81    2.81      0
       65536         16384     float    none       0    11.87    5.52    5.52      0    11.87    5.52    5.52      0
      131072         32768     float    none       0    12.10   10.83   10.83      0    12.11   10.82   10.82      0
      262144         65536     float    none       0    12.27   21.36   21.36      0    12.23   21.43   21.43      0
      524288        131072     float    none       0    12.36   42.43   42.43      0    12.39   42.33   42.33      0
     1048576        262144     float    none       0    15.40   68.07   68.07      0    15.34   68.37   68.37      0
     2097152        524288     float    none       0    21.07   99.55   99.55      0    20.81  100.77  100.77      0
     4194304       1048576     float    none       0    27.55  152.22  152.22      0    27.59  152.03  152.03      0
     8388608       2097152     float    none       0    40.27  208.31  208.31      0    40.25  208.44  208.44      0
    16777216       4194304     float    none       0    66.56  252.06  252.06      0    66.66  251.70  251.70      0
    33554432       8388608     float    none       0    114.4  293.38  293.38      0    114.3  293.69  293.69      0
    67108864      16777216     float    none       0    207.7  323.12  323.12      0    207.5  323.35  323.35      0
   134217728      33554432     float    none       0    394.4  340.35  340.35      0    394.0  340.62  340.62      0
           8             1    double    none       0     7.04    0.00    0.00      0     7.04    0.00    0.00      0
          16             2    double    none       0     7.05    0.00    0.00      0     7.05    0.00    0.00      0
          32             4    double    none       0     7.05    0.00    0.00      0     7.05    0.00    0.00      0
          64             8    double    none       0     7.06    0.01    0.01      0     7.04    0.01    0.01      0
         128            16    double    none       0     7.04    0.02    0.02      0     7.05    0.02    0.02      0
         256            32    double    none       0     7.55    0.03    0.03      0     7.03    0.04    0.04      0
         512            64    double    none       0     7.26    0.07    0.07      0     7.04    0.07    0.07      0
        1024           128    double    none       0     7.49    0.14    0.14      0     7.32    0.14    0.14      0
        2048           256    double    none       0     7.60    0.27    0.27      0     7.61    0.27    0.27      0
        4096           512    double    none       0     8.54    0.48    0.48      0     8.49    0.48    0.48      0
        8192          1024    double    none       0     9.25    0.89    0.89      0     9.16    0.89    0.89      0
       16384          2048    double    none       0    10.02    1.63    1.63      0     9.98    1.64    1.64      0
       32768          4096    double    none       0    11.62    2.82    2.82      0    11.65    2.81    2.81      0
       65536          8192    double    none       0    11.89    5.51    5.51      0    11.90    5.51    5.51      0
      131072         16384    double    none       0    12.12   10.81   10.81      0    12.10   10.83   10.83      0
      262144         32768    double    none       0    12.32   21.28   21.28      0    12.27   21.36   21.36      0
      524288         65536    double    none       0    12.40   42.29   42.29      0    12.41   42.23   42.23      0
     1048576        131072    double    none       0    15.58   67.29   67.29      0    15.33   68.42   68.42      0
     2097152        262144    double    none       0    21.06   99.58   99.58      0    20.86  100.52  100.52      0
     4194304        524288    double    none       0    27.65  151.68  151.68      0    27.65  151.68  151.68      0
     8388608       1048576    double    none       0    40.40  207.63  207.63      0    40.65  206.34  206.34      0
    16777216       2097152    double    none       0    66.86  250.94  250.94      0    66.83  251.03  251.03      0
    33554432       4194304    double    none       0    114.7  292.61  292.61      0    114.7  292.49  292.49      0
    67108864       8388608    double    none       0    208.7  321.59  321.59      0    208.7  321.63  321.63      0
   134217728      16777216    double    none       0    394.6  340.09  340.09      0    394.8  339.94  339.94      0
           8             4  bfloat16    none       0     7.05    0.00    0.00      0     7.04    0.00    0.00      0
          16             8  bfloat16    none       0     7.04    0.00    0.00      0     7.04    0.00    0.00      0
          32            16  bfloat16    none       0     7.04    0.00    0.00      0     7.05    0.00    0.00      0
          64            32  bfloat16    none       0     7.06    0.01    0.01      0     7.05    0.01    0.01      0
         128            64  bfloat16    none       0     7.05    0.02    0.02      0     7.05    0.02    0.02      0
         256           128  bfloat16    none       0     7.54    0.03    0.03      0     7.03    0.04    0.04      0
         512           256  bfloat16    none       0     7.30    0.07    0.07      0     7.03    0.07    0.07      0
        1024           512  bfloat16    none       0     7.49    0.14    0.14      0     7.32    0.14    0.14      0
        2048          1024  bfloat16    none       0     7.60    0.27    0.27      0     7.62    0.27    0.27      0
        4096          2048  bfloat16    none       0     8.54    0.48    0.48      0     8.48    0.48    0.48      0
        8192          4096  bfloat16    none       0     9.25    0.89    0.89      0     9.16    0.89    0.89      0
       16384          8192  bfloat16    none       0    10.01    1.64    1.64      0     9.95    1.65    1.65      0
       32768         16384  bfloat16    none       0    11.63    2.82    2.82      0    11.66    2.81    2.81      0
       65536         32768  bfloat16    none       0    11.89    5.51    5.51      0    11.89    5.51    5.51      0
      131072         65536  bfloat16    none       0    12.09   10.84   10.84      0    12.11   10.82   10.82      0
      262144        131072  bfloat16    none       0    12.22   21.44   21.44      0    12.24   21.42   21.42      0
      524288        262144  bfloat16    none       0    12.39   42.31   42.31      0    12.34   42.47   42.47      0
     1048576        524288  bfloat16    none       0    15.40   68.09   68.09      0    15.32   68.45   68.45      0
     2097152       1048576  bfloat16    none       0    21.04   99.67   99.67      0    20.81  100.76  100.76      0
     4194304       2097152  bfloat16    none       0    27.56  152.18  152.18      0    27.54  152.29  152.29      0
     8388608       4194304  bfloat16    none       0    40.29  208.22  208.22      0    40.20  208.66  208.66      0
    16777216       8388608  bfloat16    none       0    66.62  251.83  251.83      0    66.70  251.54  251.54      0
    33554432      16777216  bfloat16    none       0    114.4  293.36  293.36      0    114.4  293.24  293.24      0
    67108864      33554432  bfloat16    none       0    207.9  322.73  322.73      0    207.9  322.85  322.85      0
   134217728      67108864  bfloat16    none       0    394.3  340.43  340.43      0    394.2  340.44  340.44      0
# Out of bounds values : 0 OK
# Avg bus bandwidth    : 72.8492 
#

