# nThread 1 nGpus 1 minBytes 8 maxBytes 134217728 step: 2(factor) warmup iters: 100 iters: 1000 agg iters: 1 validation: 1 graph: 0
#
# Using devices
#  Rank  0 Group  0 Pid  29078 on   bjys1148 device  0 [0x2a] NVIDIA H20
#  Rank  1 Group  0 Pid  29079 on   bjys1148 device  1 [0x3a] NVIDIA H20
#  Rank  2 Group  0 Pid  29080 on   bjys1148 device  2 [0x4c] NVIDIA H20
#  Rank  3 Group  0 Pid  29081 on   bjys1148 device  3 [0x5c] NVIDIA H20
#  Rank  4 Group  0 Pid  29083 on   bjys1148 device  4 [0xaa] NVIDIA H20
#  Rank  5 Group  0 Pid  29086 on   bjys1148 device  5 [0xba] NVIDIA H20
#  Rank  6 Group  0 Pid  29089 on   bjys1148 device  6 [0xca] NVIDIA H20
#  Rank  7 Group  0 Pid  29092 on   bjys1148 device  7 [0xda] NVIDIA H20
#
#                                                              out-of-place                       in-place          
#       size         count      type   redop    root     time   algbw   busbw #wrong     time   algbw   busbw #wrong
#        (B)    (elements)                               (us)  (GB/s)  (GB/s)            (us)  (GB/s)  (GB/s)       
           0             0      int8    none      -1     0.12    0.00    0.00      0     0.12    0.00    0.00      0
           0             0      int8    none      -1     0.12    0.00    0.00      0     0.13    0.00    0.00      0
          32             4      int8    none      -1    11.99    0.00    0.00      0    11.77    0.00    0.00      0
          64             8      int8    none      -1    11.88    0.01    0.00      0    11.77    0.01    0.00      0
         128            16      int8    none      -1    11.89    0.01    0.01      0    11.79    0.01    0.01      0
         256            32      int8    none      -1    11.95    0.02    0.02      0    11.84    0.02    0.02      0
         512            64      int8    none      -1    12.04    0.04    0.04      0    11.93    0.04    0.04      0
        1024           128      int8    none      -1    12.20    0.08    0.07      0    12.01    0.09    0.07      0
        2048           256      int8    none      -1    12.43    0.16    0.14      0    12.11    0.17    0.15      0
        4096           512      int8    none      -1    12.40    0.33    0.29      0    12.17    0.34    0.29      0
        8192          1024      int8    none      -1    12.55    0.65    0.57      0    12.34    0.66    0.58      0
       16384          2048      int8    none      -1    12.88    1.27    1.11      0    12.68    1.29    1.13      0
       32768          4096      int8    none      -1    14.85    2.21    1.93      0    14.63    2.24    1.96      0
       65536          8192      int8    none      -1    15.16    4.32    3.78      0    14.94    4.39    3.84      0
      131072         16384      int8    none      -1    15.32    8.55    7.48      0    15.09    8.68    7.60      0
      262144         32768      int8    none      -1    15.47   16.94   14.82      0    15.26   17.18   15.03      0
      524288         65536      int8    none      -1    15.69   33.41   29.24      0    15.43   33.99   29.74      0
     1048576        131072      int8    none      -1    20.68   50.71   44.37      0    20.22   51.85   45.37      0
     2097152        262144      int8    none      -1    25.53   82.13   71.87      0    24.93   84.11   73.59      0
     4194304        524288      int8    none      -1    37.21  112.72   98.63      0    36.24  115.75  101.28      0
     8388608       1048576      int8    none      -1    45.92  182.66  159.83      0    44.94  186.65  163.32      0
    16777216       2097152      int8    none      -1    67.34  249.15  218.01      0    66.72  251.46  220.03      0
    33554432       4194304      int8    none      -1    115.7  289.89  253.66      0    113.7  295.00  258.13      0
    67108864       8388608      int8    none      -1    199.6  336.14  294.12      0    199.2  336.96  294.84      0
   134217728      16777216      int8    none      -1    377.9  355.13  310.74      0    375.8  357.16  312.51      0
           0             0     uint8    none      -1     0.12    0.00    0.00      0     0.12    0.00    0.00      0
           0             0     uint8    none      -1     0.12    0.00    0.00      0     0.11    0.00    0.00      0
          32             4     uint8    none      -1    11.88    0.00    0.00      0    11.77    0.00    0.00      0
          64             8     uint8    none      -1    11.89    0.01    0.00      0    11.78    0.01    0.00      0
         128            16     uint8    none      -1    12.15    0.01    0.01      0    11.79    0.01    0.01      0
         256            32     uint8    none      -1    11.95    0.02    0.02      0    11.85    0.02    0.02      0
         512            64     uint8    none      -1    12.03    0.04    0.04      0    12.23    0.04    0.04      0
        1024           128     uint8    none      -1    12.20    0.08    0.07      0    12.01    0.09    0.07      0
        2048           256     uint8    none      -1    12.42    0.16    0.14      0    12.10    0.17    0.15      0
        4096           512     uint8    none      -1    12.39    0.33    0.29      0    12.18    0.34    0.29      0
        8192          1024     uint8    none      -1    12.82    0.64    0.56      0    12.35    0.66    0.58      0
       16384          2048     uint8    none      -1    12.88    1.27    1.11      0    12.68    1.29    1.13      0
       32768          4096     uint8    none      -1    14.85    2.21    1.93      0    14.63    2.24    1.96      0
       65536          8192     uint8    none      -1    15.15    4.33    3.79      0    14.92    4.39    3.84      0
      131072         16384     uint8    none      -1    15.32    8.56    7.49      0    15.07    8.70    7.61      0
      262144         32768     uint8    none      -1    15.44   16.98   14.86      0    15.25   17.19   15.04      0
      524288         65536     uint8    none      -1    15.59   33.63   29.43      0    15.43   33.98   29.73      0
     1048576        131072     uint8    none      -1    20.70   50.67   44.33      0    20.19   51.95   45.45      0
     2097152        262144     uint8    none      -1    25.49   82.28   72.00      0    24.86   84.35   73.81      0
     4194304        524288     uint8    none      -1    37.18  112.80   98.70      0    36.20  115.87  101.39      0
     8388608       1048576     uint8    none      -1    45.83  183.03  160.16      0    44.93  186.69  163.35      0
    16777216       2097152     uint8    none      -1    66.83  251.03  219.65      0    66.34  252.91  221.29      0
    33554432       4194304     uint8    none      -1    115.5  290.59  254.27      0    114.3  293.59  256.89      0
    67108864       8388608     uint8    none      -1    200.0  335.51  293.57      0    198.6  337.84  295.61      0
   134217728      16777216     uint8    none      -1    377.3  355.70  311.23      0    376.2  356.78  312.18      0
           0             0     int32    none      -1     0.12    0.00    0.00      0     0.12    0.00    0.00      0
           0             0     int32    none      -1     0.12    0.00    0.00      0     0.12    0.00    0.00      0
           0             0     int32    none      -1     0.11    0.00    0.00      0     0.12    0.00    0.00      0
           0             0     int32    none      -1     0.11    0.00    0.00      0     0.11    0.00    0.00      0
         128             4     int32    none      -1    12.00    0.01    0.01      0    11.79    0.01    0.01      0
         256             8     int32    none      -1    11.95    0.02    0.02      0    11.84    0.02    0.02      0
         512            16     int32    none      -1    12.03    0.04    0.04      0    11.93    0.04    0.04      0
        1024            32     int32    none      -1    12.22    0.08    0.07      0    12.01    0.09    0.07      0
        2048            64     int32    none      -1    12.43    0.16    0.14      0    12.10    0.17    0.15      0
        4096           128     int32    none      -1    12.40    0.33    0.29      0    12.18    0.34    0.29      0
        8192           256     int32    none      -1    12.54    0.65    0.57      0    12.35    0.66    0.58      0
       16384           512     int32    none      -1    12.87    1.27    1.11      0    12.68    1.29    1.13      0
       32768          1024     int32    none      -1    14.85    2.21    1.93      0    14.62    2.24    1.96      0
       65536          2048     int32    none      -1    15.15    4.32    3.78      0    14.94    4.39    3.84      0
      131072          4096     int32    none      -1    15.31    8.56    7.49      0    15.07    8.70    7.61      0
      262144          8192     int32    none      -1    15.42   17.00   14.87      0    15.25   17.19   15.04      0
      524288         16384     int32    none      -1    15.60   33.60   29.40      0    15.43   33.97   29.72      0
     1048576         32768     int32    none      -1    20.68   50.71   44.37      0    20.20   51.91   45.42      0
     2097152         65536     int32    none      -1    25.48   82.30   72.01      0    24.87   84.33   73.79      0
     4194304        131072     int32    none      -1    37.20  112.74   98.64      0    36.20  115.88  101.39      0
     8388608        262144     int32    none      -1    45.94  182.58  159.76      0    44.97  186.55  163.23      0
    16777216        524288     int32    none      -1    67.24  249.50  218.32      0    66.70  251.52  220.08      0
    33554432       1048576     int32    none      -1    115.2  291.20  254.80      0    114.1  294.06  257.30      0
    67108864       2097152     int32    none      -1    200.5  334.73  292.89      0    198.7  337.75  295.53      0
   134217728       4194304     int32    none      -1    376.1  356.84  312.24      0    376.8  356.16  311.64      0
           0             0    uint32    none      -1     0.12    0.00    0.00      0     0.12    0.00    0.00      0
           0             0    uint32    none      -1     0.11    0.00    0.00      0     0.12    0.00    0.00      0
           0             0    uint32    none      -1     0.12    0.00    0.00      0     0.12    0.00    0.00      0
           0             0    uint32    none      -1     0.12    0.00    0.00      0     0.11    0.00    0.00      0
         128             4    uint32    none      -1    12.00    0.01    0.01      0    11.79    0.01    0.01      0
         256             8    uint32    none      -1    11.95    0.02    0.02      0    11.84    0.02    0.02      0
         512            16    uint32    none      -1    12.03    0.04    0.04      0    11.93    0.04    0.04      0
        1024            32    uint32    none      -1    12.22    0.08    0.07      0    12.01    0.09    0.07      0
        2048            64    uint32    none      -1    12.43    0.16    0.14      0    12.10    0.17    0.15      0
        4096           128    uint32    none      -1    12.39    0.33    0.29      0    12.18    0.34    0.29      0
        8192           256    uint32    none      -1    12.55    0.65    0.57      0    12.34    0.66    0.58      0
       16384           512    uint32    none      -1    12.88    1.27    1.11      0    12.69    1.29    1.13      0
       32768          1024    uint32    none      -1    14.84    2.21    1.93      0    14.63    2.24    1.96      0
       65536          2048    uint32    none      -1    15.14    4.33    3.79      0    14.95    4.38    3.84      0
      131072          4096    uint32    none      -1    15.32    8.56    7.49      0    15.36    8.53    7.47      0
      262144          8192    uint32    none      -1    15.44   16.98   14.85      0    15.24   17.21   15.06      0
      524288         16384    uint32    none      -1    15.61   33.58   29.39      0    15.40   34.04   29.79      0
     1048576         32768    uint32    none      -1    20.68   50.70   44.36      0    20.21   51.89   45.40      0
     2097152         65536    uint32    none      -1    25.52   82.16   71.89      0    24.92   84.15   73.63      0
     4194304        131072    uint32    none      -1    37.20  112.74   98.65      0    36.24  115.74  101.28      0
     8388608        262144    uint32    none      -1    45.82  183.07  160.18      0    44.90  186.84  163.49      0
    16777216        524288    uint32    none      -1    67.01  250.35  219.06      0    66.28  253.11  221.47      0
    33554432       1048576    uint32    none      -1    115.2  291.16  254.77      0    114.3  293.52  256.83      0
    67108864       2097152    uint32    none      -1    199.4  336.49  294.43      0    199.1  337.06  294.92      0
   134217728       4194304    uint32    none      -1    379.8  353.43  309.25      0    375.7  357.21  312.56      0
           0             0     int64    none      -1     0.12    0.00    0.00      0     0.12    0.00    0.00      0
           0             0     int64    none      -1     0.12    0.00    0.00      0     0.12    0.00    0.00      0
           0             0     int64    none      -1     0.12    0.00    0.00      0     0.12    0.00    0.00      0
           0             0     int64    none      -1     0.11    0.00    0.00      0     0.12    0.00    0.00      0
           0             0     int64    none      -1     0.12    0.00    0.00      0     0.11    0.00    0.00      0
         256             4     int64    none      -1    12.06    0.02    0.02      0    11.84    0.02    0.02      0
         512             8     int64    none      -1    12.03    0.04    0.04      0    11.94    0.04    0.04      0
        1024            16     int64    none      -1    12.22    0.08    0.07      0    12.02    0.09    0.07      0
        2048            32     int64    none      -1    12.32    0.17    0.15      0    12.12    0.17    0.15      0
        4096            64     int64    none      -1    12.40    0.33    0.29      0    12.19    0.34    0.29      0
        8192           128     int64    none      -1    12.55    0.65    0.57      0    12.34    0.66    0.58      0
       16384           256     int64    none      -1    12.89    1.27    1.11      0    12.69    1.29    1.13      0
       32768           512     int64    none      -1    14.85    2.21    1.93      0    14.62    2.24    1.96      0
       65536          1024     int64    none      -1    15.16    4.32    3.78      0    14.91    4.40    3.85      0
      131072          2048     int64    none      -1    15.31    8.56    7.49      0    15.11    8.67    7.59      0
      262144          4096     int64    none      -1    15.44   16.97   14.85      0    15.22   17.22   15.07      0
      524288          8192     int64    none      -1    15.57   33.66   29.45      0    15.44   33.96   29.71      0
     1048576         16384     int64    none      -1    20.67   50.74   44.39      0    20.17   51.98   45.48      0
     2097152         32768     int64    none      -1    25.53   82.15   71.88      0    24.83   84.45   73.89      0
     4194304         65536     int64    none      -1    37.25  112.60   98.52      0    36.15  116.02  101.52      0
     8388608        131072     int64    none      -1    45.90  182.75  159.91      0    45.02  186.34  163.05      0
    16777216        262144     int64    none      -1    67.37  249.05  217.92      0    66.43  252.54  220.97      0
    33554432        524288     int64    none      -1    115.8  289.66  253.45      0    113.8  294.77  257.93      0
    67108864       1048576     int64    none      -1    199.8  335.91  293.92      0    199.1  337.03  294.90      0
   134217728       2097152     int64    none      -1    377.7  355.39  310.97      0    374.7  358.19  313.42      0
           0             0    uint64    none      -1     0.12    0.00    0.00      0     0.11    0.00    0.00      0
           0             0    uint64    none      -1     0.12    0.00    0.00      0     0.11    0.00    0.00      0
           0             0    uint64    none      -1     0.11    0.00    0.00      0     0.11    0.00    0.00      0
           0             0    uint64    none      -1     0.11    0.00    0.00      0     0.11    0.00    0.00      0
           0             0    uint64    none      -1     0.11    0.00    0.00      0     0.12    0.00    0.00      0
         256             4    uint64    none      -1    12.05    0.02    0.02      0    11.84    0.02    0.02      0
         512             8    uint64    none      -1    12.04    0.04    0.04      0    11.94    0.04    0.04      0
        1024            16    uint64    none      -1    12.23    0.08    0.07      0    12.02    0.09    0.07      0
        2048            32    uint64    none      -1    12.43    0.16    0.14      0    12.11    0.17    0.15      0
        4096            64    uint64    none      -1    12.40    0.33    0.29      0    12.19    0.34    0.29      0
        8192           128    uint64    none      -1    12.55    0.65    0.57      0    12.34    0.66    0.58      0
       16384           256    uint64    none      -1    12.88    1.27    1.11      0    12.69    1.29    1.13      0
       32768           512    uint64    none      -1    14.85    2.21    1.93      0    14.62    2.24    1.96      0
       65536          1024    uint64    none      -1    15.21    4.31    3.77      0    14.90    4.40    3.85      0
      131072          2048    uint64    none      -1    15.30    8.57    7.50      0    15.05    8.71    7.62      0
      262144          4096    uint64    none      -1    15.49   16.92   14.81      0    15.28   17.16   15.02      0
      524288          8192    uint64    none      -1    15.59   33.62   29.42      0    15.41   34.03   29.78      0
     1048576         16384    uint64    none      -1    20.75   50.54   44.23      0    20.19   51.93   45.44      0
     2097152         32768    uint64    none      -1    25.54   82.12   71.85      0    24.87   84.34   73.80      0
     4194304         65536    uint64    none      -1    37.19  112.79   98.69      0    36.23  115.77  101.30      0
     8388608        131072    uint64    none      -1    45.85  182.97  160.10      0    44.87  186.94  163.57      0
    16777216        262144    uint64    none      -1    67.08  250.10  218.84      0    66.34  252.90  221.29      0
    33554432        524288    uint64    none      -1    116.3  288.58  252.51      0    115.0  291.87  255.39      0
    67108864       1048576    uint64    none      -1    201.2  333.59  291.90      0    198.8  337.62  295.42      0
   134217728       2097152    uint64    none      -1    378.5  354.64  310.31      0    377.2  355.84  311.36      0
           0             0      half    none      -1     0.12    0.00    0.00      0     0.12    0.00    0.00      0
           0             0      half    none      -1     0.12    0.00    0.00      0     0.11    0.00    0.00      0
           0             0      half    none      -1     0.12    0.00    0.00      0     0.11    0.00    0.00      0
          64             4      half    none      -1    12.00    0.01    0.00      0    11.79    0.01    0.00      0
         128             8      half    none      -1    11.91    0.01    0.01      0    11.80    0.01    0.01      0
         256            16      half    none      -1    11.95    0.02    0.02      0    11.85    0.02    0.02      0
         512            32      half    none      -1    12.04    0.04    0.04      0    11.95    0.04    0.04      0
        1024            64      half    none      -1    12.21    0.08    0.07      0    12.02    0.09    0.07      0
        2048           128      half    none      -1    12.31    0.17    0.15      0    12.11    0.17    0.15      0
        4096           256      half    none      -1    12.40    0.33    0.29      0    12.16    0.34    0.29      0
        8192           512      half    none      -1    12.55    0.65    0.57      0    12.33    0.66    0.58      0
       16384          1024      half    none      -1    12.88    1.27    1.11      0    12.67    1.29    1.13      0
       32768          2048      half    none      -1    14.84    2.21    1.93      0    14.61    2.24    1.96      0
       65536          4096      half    none      -1    15.19    4.31    3.77      0    14.89    4.40    3.85      0
      131072          8192      half    none      -1    15.32    8.55    7.48      0    15.05    8.71    7.62      0
      262144         16384      half    none      -1    15.43   16.99   14.87      0    15.22   17.22   15.07      0
      524288         32768      half    none      -1    15.59   33.64   29.43      0    15.41   34.02   29.77      0
     1048576         65536      half    none      -1    20.68   50.71   44.37      0    20.20   51.92   45.43      0
     2097152        131072      half    none      -1    25.48   82.32   72.03      0    24.86   84.35   73.80      0
     4194304        262144      half    none      -1    37.23  112.67   98.59      0    36.19  115.90  101.41      0
     8388608        524288      half    none      -1    45.89  182.79  159.94      0    44.98  186.49  163.18      0
    16777216       1048576      half    none      -1    67.31  249.27  218.11      0    66.37  252.78  221.18      0
    33554432       2097152      half    none      -1    116.0  289.26  253.10      0    114.1  294.07  257.31      0
    67108864       4194304      half    none      -1    199.4  336.48  294.42      0    199.2  336.87  294.76      0
   134217728       8388608      half    none      -1    377.9  355.18  310.78      0    376.3  356.70  312.11      0
           0             0     float    none      -1     0.12    0.00    0.00      0     0.12    0.00    0.00      0
           0             0     float    none      -1     0.11    0.00    0.00      0     0.11    0.00    0.00      0
           0             0     float    none      -1     0.12    0.00    0.00      0     0.11    0.00    0.00      0
           0             0     float    none      -1     0.11    0.00    0.00      0     0.11    0.00    0.00      0
         128             4     float    none      -1    12.01    0.01    0.01      0    11.79    0.01    0.01      0
         256             8     float    none      -1    11.96    0.02    0.02      0    11.84    0.02    0.02      0
         512            16     float    none      -1    12.04    0.04    0.04      0    11.94    0.04    0.04      0
        1024            32     float    none      -1    12.22    0.08    0.07      0    12.01    0.09    0.07      0
        2048            64     float    none      -1    12.33    0.17    0.15      0    12.11    0.17    0.15      0
        4096           128     float    none      -1    12.39    0.33    0.29      0    12.18    0.34    0.29      0
        8192           256     float    none      -1    12.55    0.65    0.57      0    12.34    0.66    0.58      0
       16384           512     float    none      -1    12.87    1.27    1.11      0    12.67    1.29    1.13      0
       32768          1024     float    none      -1    14.84    2.21    1.93      0    14.63    2.24    1.96      0
       65536          2048     float    none      -1    15.21    4.31    3.77      0    14.92    4.39    3.84      0
      131072          4096     float    none      -1    15.29    8.57    7.50      0    15.11    8.67    7.59      0
      262144          8192     float    none      -1    15.42   17.00   14.88      0    15.24   17.20   15.05      0
      524288         16384     float    none      -1    15.60   33.61   29.41      0    15.40   34.03   29.78      0
     1048576         32768     float    none      -1    20.71   50.64   44.31      0    20.19   51.95   45.45      0
     2097152         65536     float    none      -1    25.52   82.19   71.92      0    24.85   84.39   73.84      0
     4194304        131072     float    none      -1    37.25  112.61   98.53      0    36.21  115.82  101.34      0
     8388608        262144     float    none      -1    45.74  183.39  160.47      0    44.99  186.48  163.17      0
    16777216        524288     float    none      -1    67.04  250.26  218.98      0    66.38  252.73  221.14      0
    33554432       1048576     float    none      -1    115.3  290.97  254.60      0    114.5  293.02  256.39      0
    67108864       2097152     float    none      -1    199.0  337.15  295.01      0    198.5  338.15  295.88      0
   134217728       4194304     float    none      -1    378.5  354.63  310.30      0    375.3  357.66  312.95      0
           0             0    double    none      -1     0.12    0.00    0.00      0     0.11    0.00    0.00      0
           0             0    double    none      -1     0.12    0.00    0.00      0     0.11    0.00    0.00      0
           0             0    double    none      -1     0.12    0.00    0.00      0     0.11    0.00    0.00      0
           0             0    double    none      -1     0.11    0.00    0.00      0     0.12    0.00    0.00      0
           0             0    double    none      -1     0.11    0.00    0.00      0     0.11    0.00    0.00      0
         256             4    double    none      -1    12.06    0.02    0.02      0    11.84    0.02    0.02      0
         512             8    double    none      -1    12.04    0.04    0.04      0    11.93    0.04    0.04      0
        1024            16    double    none      -1    12.22    0.08    0.07      0    12.01    0.09    0.07      0
        2048            32    double    none      -1    12.43    0.16    0.14      0    12.10    0.17    0.15      0
        4096            64    double    none      -1    12.39    0.33    0.29      0    12.18    0.34    0.29      0
        8192           128    double    none      -1    12.56    0.65    0.57      0    12.35    0.66    0.58      0
       16384           256    double    none      -1    12.89    1.27    1.11      0    12.69    1.29    1.13      0
       32768           512    double    none      -1    14.85    2.21    1.93      0    14.63    2.24    1.96      0
       65536          1024    double    none      -1    15.18    4.32    3.78      0    14.90    4.40    3.85      0
      131072          2048    double    none      -1    15.30    8.57    7.50      0    15.11    8.67    7.59      0
      262144          4096    double    none      -1    15.50   16.92   14.80      0    15.24   17.20   15.05      0
      524288          8192    double    none      -1    15.57   33.68   29.47      0    15.47   33.89   29.65      0
     1048576         16384    double    none      -1    20.65   50.79   44.44      0    20.18   51.96   45.47      0
     2097152         32768    double    none      -1    25.57   82.02   71.77      0    24.88   84.30   73.76      0
     4194304         65536    double    none      -1    37.25  112.61   98.53      0    36.19  115.91  101.42      0
     8388608        131072    double    none      -1    45.82  183.09  160.20      0    45.06  186.15  162.88      0
    16777216        262144    double    none      -1    67.34  249.13  217.99      0    66.51  252.24  220.71      0
    33554432        524288    double    none      -1    115.6  290.34  254.04      0    114.0  294.30  257.51      0
    67108864       1048576    double    none      -1    199.1  337.14  295.00      0    199.1  337.04  294.91      0
   134217728       2097152    double    none      -1    378.8  354.35  310.05      0    376.8  356.19  311.66      0
           0             0  bfloat16    none      -1     0.12    0.00    0.00      0     0.12    0.00    0.00      0
           0             0  bfloat16    none      -1     0.12    0.00    0.00      0     0.12    0.00    0.00      0
           0             0  bfloat16    none      -1     0.11    0.00    0.00      0     0.12    0.00    0.00      0
          64             4  bfloat16    none      -1    11.99    0.01    0.00      0    11.78    0.01    0.00      0
         128             8  bfloat16    none      -1    11.90    0.01    0.01      0    11.79    0.01    0.01      0
         256            16  bfloat16    none      -1    11.94    0.02    0.02      0    11.85    0.02    0.02      0
         512            32  bfloat16    none      -1    12.03    0.04    0.04      0    11.94    0.04    0.04      0
        1024            64  bfloat16    none      -1    12.21    0.08    0.07      0    12.01    0.09    0.07      0
        2048           128  bfloat16    none      -1    12.32    0.17    0.15      0    12.10    0.17    0.15      0
        4096           256  bfloat16    none      -1    12.40    0.33    0.29      0    12.19    0.34    0.29      0
        8192           512  bfloat16    none      -1    12.53    0.65    0.57      0    12.33    0.66    0.58      0
       16384          1024  bfloat16    none      -1    12.87    1.27    1.11      0    12.68    1.29    1.13      0
       32768          2048  bfloat16    none      -1    14.83    2.21    1.93      0    14.61    2.24    1.96      0
       65536          4096  bfloat16    none      -1    15.18    4.32    3.78      0    14.95    4.38    3.83      0
      131072          8192  bfloat16    none      -1    15.31    8.56    7.49      0    15.05    8.71    7.62      0
      262144         16384  bfloat16    none      -1    15.47   16.94   14.82      0    15.27   17.17   15.03      0
      524288         32768  bfloat16    none      -1    15.56   33.69   29.47      0    15.43   33.98   29.73      0
     1048576         65536  bfloat16    none      -1    20.72   50.61   44.29      0    20.16   52.01   45.51      0
     2097152        131072  bfloat16    none      -1    25.52   82.18   71.91      0    24.83   84.46   73.90      0
     4194304        262144  bfloat16    none      -1    37.26  112.56   98.49      0    36.18  115.92  101.43      0
     8388608        524288  bfloat16    none      -1    45.85  182.96  160.09      0    45.26  185.33  162.16      0
    16777216       1048576  bfloat16    none      -1    67.48  248.64  217.56      0    66.65  251.71  220.25      0
    33554432       2097152  bfloat16    none      -1    116.3  288.64  252.56      0    114.5  293.00  256.37      0
    67108864       4194304  bfloat16    none      -1    199.1  337.06  294.93      0    199.1  337.04  294.91      0
   134217728       8388608  bfloat16    none      -1    378.4  354.67  310.33      0    376.2  356.75  312.15      0
# Out of bounds values : 0 OK
# Avg bus bandwidth    : 60.8194 
#

