# nThread 1 nGpus 1 minBytes 8 maxBytes 134217728 step: 2(factor) warmup iters: 100 iters: 1000 agg iters: 1 validation: 1 graph: 0
#
# Using devices
#  Rank  0 Group  0 Pid  28606 on   bjys1148 device  0 [0x2a] NVIDIA H20
#  Rank  1 Group  0 Pid  28607 on   bjys1148 device  1 [0x3a] NVIDIA H20
#
#                                                              out-of-place                       in-place          
#       size         count      type   redop    root     time   algbw   busbw #wrong     time   algbw   busbw #wrong
#        (B)    (elements)                               (us)  (GB/s)  (GB/s)            (us)  (GB/s)  (GB/s)       
           8             4      int8    none      -1     8.09    0.00    0.00      0     7.69    0.00    0.00      0
          16             8      int8    none      -1     7.71    0.00    0.00      0     7.68    0.00    0.00      0
          32            16      int8    none      -1     7.74    0.00    0.00      0     7.69    0.00    0.00      0
          64            32      int8    none      -1     7.79    0.01    0.00      0     7.70    0.01    0.00      0
         128            64      int8    none      -1     7.83    0.02    0.01      0     7.72    0.02    0.01      0
         256           128      int8    none      -1     7.88    0.03    0.02      0     7.73    0.03    0.02      0
         512           256      int8    none      -1     8.01    0.06    0.03      0     7.71    0.07    0.03      0
        1024           512      int8    none      -1     7.99    0.13    0.06      0     7.73    0.13    0.07      0
        2048          1024      int8    none      -1     8.00    0.26    0.13      0     7.80    0.26    0.13      0
        4096          2048      int8    none      -1     8.09    0.51    0.25      0     7.91    0.52    0.26      0
        8192          4096      int8    none      -1     8.47    0.97    0.48      0     8.22    1.00    0.50      0
       16384          8192      int8    none      -1     8.74    1.87    0.94      0     8.34    1.96    0.98      0
       32768         16384      int8    none      -1     8.80    3.72    1.86      0     8.60    3.81    1.91      0
       65536         32768      int8    none      -1     9.01    7.27    3.64      0     8.86    7.40    3.70      0
      131072         65536      int8    none      -1     9.23   14.19    7.10      0     9.11   14.39    7.20      0
      262144        131072      int8    none      -1    10.15   25.82   12.91      0     9.75   26.89   13.44      0
      524288        262144      int8    none      -1    11.11   47.17   23.59      0    10.53   49.78   24.89      0
     1048576        524288      int8    none      -1    13.77   76.17   38.09      0    12.84   81.66   40.83      0
     2097152       1048576      int8    none      -1    19.44  107.88   53.94      0    17.86  117.40   58.70      0
     4194304       2097152      int8    none      -1    28.40  147.69   73.84      0    27.86  150.53   75.26      0
     8388608       4194304      int8    none      -1    37.34  224.65  112.33      0    35.45  236.63  118.32      0
    16777216       8388608      int8    none      -1    53.37  314.37  157.19      0    51.62  325.01  162.50      0
    33554432      16777216      int8    none      -1    88.67  378.40  189.20      0    84.92  395.11  197.56      0
    67108864      33554432      int8    none      -1    152.4  440.20  220.10      0    148.6  451.49  225.75      0
   134217728      67108864      int8    none      -1    275.2  487.69  243.85      0    262.6  511.11  255.56      0
           8             4     uint8    none      -1     7.71    0.00    0.00      0     7.69    0.00    0.00      0
          16             8     uint8    none      -1     7.72    0.00    0.00      0     7.70    0.00    0.00      0
          32            16     uint8    none      -1     7.75    0.00    0.00      0     7.70    0.00    0.00      0
          64            32     uint8    none      -1     7.80    0.01    0.00      0     7.70    0.01    0.00      0
         128            64     uint8    none      -1     7.82    0.02    0.01      0     7.71    0.02    0.01      0
         256           128     uint8    none      -1     7.89    0.03    0.02      0     7.74    0.03    0.02      0
         512           256     uint8    none      -1     8.12    0.06    0.03      0     7.72    0.07    0.03      0
        1024           512     uint8    none      -1     8.11    0.13    0.06      0     7.74    0.13    0.07      0
        2048          1024     uint8    none      -1     7.99    0.26    0.13      0     7.79    0.26    0.13      0
        4096          2048     uint8    none      -1     8.10    0.51    0.25      0     7.91    0.52    0.26      0
        8192          4096     uint8    none      -1     8.49    0.96    0.48      0     8.22    1.00    0.50      0
       16384          8192     uint8    none      -1     8.69    1.89    0.94      0     8.34    1.96    0.98      0
       32768         16384     uint8    none      -1     8.80    3.72    1.86      0     8.59    3.81    1.91      0
       65536         32768     uint8    none      -1     8.93    7.34    3.67      0     8.81    7.44    3.72      0
      131072         65536     uint8    none      -1     9.12   14.37    7.18      0     9.04   14.49    7.25      0
      262144        131072     uint8    none      -1    10.02   26.15   13.07      0     9.70   27.03   13.52      0
      524288        262144     uint8    none      -1    11.05   47.46   23.73      0    10.47   50.08   25.04      0
     1048576        524288     uint8    none      -1    13.78   76.11   38.06      0    12.83   81.70   40.85      0
     2097152       1048576     uint8    none      -1    19.45  107.81   53.90      0    17.81  117.75   58.88      0
     4194304       2097152     uint8    none      -1    28.41  147.65   73.82      0    27.88  150.45   75.22      0
     8388608       4194304     uint8    none      -1    37.32  224.79  112.40      0    35.68  235.11  117.55      0
    16777216       8388608     uint8    none      -1    53.46  313.84  156.92      0    51.43  326.19  163.10      0
    33554432      16777216     uint8    none      -1    89.09  376.63  188.32      0    84.99  394.82  197.41      0
    67108864      33554432     uint8    none      -1    152.3  440.57  220.28      0    149.3  449.41  224.71      0
   134217728      67108864     uint8    none      -1    273.9  490.09  245.04      0    263.4  509.64  254.82      0
           0             0     int32    none      -1     0.13    0.00    0.00      0     0.12    0.00    0.00      0
           0             0     int32    none      -1     0.11    0.00    0.00      0     0.12    0.00    0.00      0
          32             4     int32    none      -1     7.81    0.00    0.00      0     7.70    0.00    0.00      0
          64             8     int32    none      -1     7.80    0.01    0.00      0     7.71    0.01    0.00      0
         128            16     int32    none      -1     7.83    0.02    0.01      0     7.71    0.02    0.01      0
         256            32     int32    none      -1     7.89    0.03    0.02      0     7.73    0.03    0.02      0
         512            64     int32    none      -1     8.13    0.06    0.03      0     7.72    0.07    0.03      0
        1024           128     int32    none      -1     8.11    0.13    0.06      0     7.74    0.13    0.07      0
        2048           256     int32    none      -1     8.00    0.26    0.13      0     7.80    0.26    0.13      0
        4096           512     int32    none      -1     8.10    0.51    0.25      0     7.91    0.52    0.26      0
        8192          1024     int32    none      -1     8.49    0.96    0.48      0     8.22    1.00    0.50      0
       16384          2048     int32    none      -1     8.64    1.90    0.95      0     8.33    1.97    0.98      0
       32768          4096     int32    none      -1     8.83    3.71    1.86      0     8.59    3.82    1.91      0
       65536          8192     int32    none      -1     8.94    7.33    3.67      0     8.81    7.44    3.72      0
      131072         16384     int32    none      -1     9.15   14.32    7.16      0     9.02   14.54    7.27      0
      262144         32768     int32    none      -1    10.03   26.12   13.06      0     9.69   27.05   13.53      0
      524288         65536     int32    none      -1    11.06   47.41   23.70      0    10.46   50.10   25.05      0
     1048576        131072     int32    none      -1    13.78   76.07   38.04      0    12.79   81.98   40.99      0
     2097152        262144     int32    none      -1    19.45  107.82   53.91      0    17.89  117.20   58.60      0
     4194304        524288     int32    none      -1    28.45  147.41   73.71      0    27.98  149.92   74.96      0
     8388608       1048576     int32    none      -1    37.43  224.13  112.07      0    35.64  235.36  117.68      0
    16777216       2097152     int32    none      -1    53.57  313.16  156.58      0    51.71  324.46  162.23      0
    33554432       4194304     int32    none      -1    89.18  376.24  188.12      0    85.35  393.15  196.57      0
    67108864       8388608     int32    none      -1    152.9  438.89  219.44      0    149.4  449.15  224.58      0
   134217728      16777216     int32    none      -1    275.1  487.82  243.91      0    263.8  508.84  254.42      0
           0             0    uint32    none      -1     0.12    0.00    0.00      0     0.12    0.00    0.00      0
           0             0    uint32    none      -1     0.12    0.00    0.00      0     0.11    0.00    0.00      0
          32             4    uint32    none      -1     7.80    0.00    0.00      0     7.70    0.00    0.00      0
          64             8    uint32    none      -1     7.80    0.01    0.00      0     7.70    0.01    0.00      0
         128            16    uint32    none      -1     7.81    0.02    0.01      0     7.71    0.02    0.01      0
         256            32    uint32    none      -1     7.88    0.03    0.02      0     7.72    0.03    0.02      0
         512            64    uint32    none      -1     8.12    0.06    0.03      0     7.72    0.07    0.03      0
        1024           128    uint32    none      -1     8.11    0.13    0.06      0     7.73    0.13    0.07      0
        2048           256    uint32    none      -1     7.99    0.26    0.13      0     7.80    0.26    0.13      0
        4096           512    uint32    none      -1     8.10    0.51    0.25      0     7.91    0.52    0.26      0
        8192          1024    uint32    none      -1     8.49    0.96    0.48      0     8.22    1.00    0.50      0
       16384          2048    uint32    none      -1     8.65    1.89    0.95      0     8.37    1.96    0.98      0
       32768          4096    uint32    none      -1     8.80    3.72    1.86      0     8.59    3.81    1.91      0
       65536          8192    uint32    none      -1     8.93    7.34    3.67      0     8.82    7.43    3.71      0
      131072         16384    uint32    none      -1     9.12   14.37    7.19      0     9.03   14.51    7.26      0
      262144         32768    uint32    none      -1    10.02   26.16   13.08      0     9.67   27.10   13.55      0
      524288         65536    uint32    none      -1    11.06   47.39   23.69      0    10.51   49.89   24.94      0
     1048576        131072    uint32    none      -1    13.77   76.16   38.08      0    12.78   82.03   41.02      0
     2097152        262144    uint32    none      -1    19.46  107.78   53.89      0    17.80  117.79   58.90      0
     4194304        524288    uint32    none      -1    28.38  147.81   73.91      0    27.95  150.05   75.02      0
     8388608       1048576    uint32    none      -1    37.41  224.25  112.12      0    35.69  235.02  117.51      0
    16777216       2097152    uint32    none      -1    53.70  312.40  156.20      0    51.68  324.63  162.32      0
    33554432       4194304    uint32    none      -1    88.92  377.37  188.69      0    85.00  394.75  197.37      0
    67108864       8388608    uint32    none      -1    152.5  440.10  220.05      0    148.8  450.90  225.45      0
   134217728      16777216    uint32    none      -1    274.0  489.85  244.92      0    264.8  506.91  253.46      0
           0             0     int64    none      -1     0.13    0.00    0.00      0     0.12    0.00    0.00      0
           0             0     int64    none      -1     0.12    0.00    0.00      0     0.12    0.00    0.00      0
           0             0     int64    none      -1     0.12    0.00    0.00      0     0.11    0.00    0.00      0
          64             4     int64    none      -1     7.91    0.01    0.00      0     7.70    0.01    0.00      0
         128             8     int64    none      -1     7.82    0.02    0.01      0     7.71    0.02    0.01      0
         256            16     int64    none      -1     7.90    0.03    0.02      0     7.73    0.03    0.02      0
         512            32     int64    none      -1     8.02    0.06    0.03      0     7.72    0.07    0.03      0
        1024            64     int64    none      -1     8.00    0.13    0.06      0     7.73    0.13    0.07      0
        2048           128     int64    none      -1     7.99    0.26    0.13      0     7.80    0.26    0.13      0
        4096           256     int64    none      -1     8.12    0.50    0.25      0     7.91    0.52    0.26      0
        8192           512     int64    none      -1     8.49    0.97    0.48      0     8.22    1.00    0.50      0
       16384          1024     int64    none      -1     8.66    1.89    0.95      0     8.33    1.97    0.98      0
       32768          2048     int64    none      -1     8.80    3.72    1.86      0     8.59    3.81    1.91      0
       65536          4096     int64    none      -1     8.96    7.31    3.66      0     8.81    7.44    3.72      0
      131072          8192     int64    none      -1     9.11   14.38    7.19      0     9.02   14.54    7.27      0
      262144         16384     int64    none      -1    10.09   25.99   12.99      0     9.68   27.08   13.54      0
      524288         32768     int64    none      -1    11.05   47.46   23.73      0    10.49   49.99   24.99      0
     1048576         65536     int64    none      -1    13.79   76.02   38.01      0    12.79   81.96   40.98      0
     2097152        131072     int64    none      -1    19.48  107.67   53.84      0    17.86  117.41   58.70      0
     4194304        262144     int64    none      -1    28.53  147.03   73.51      0    27.96  150.03   75.02      0
     8388608        524288     int64    none      -1    37.29  224.94  112.47      0    35.46  236.57  118.28      0
    16777216       1048576     int64    none      -1    53.34  314.51  157.26      0    51.48  325.88  162.94      0
    33554432       2097152     int64    none      -1    88.80  377.87  188.94      0    85.06  394.46  197.23      0
    67108864       4194304     int64    none      -1    152.4  440.45  220.22      0    149.0  450.33  225.17      0
   134217728       8388608     int64    none      -1    274.2  489.50  244.75      0    263.5  509.35  254.68      0
           0             0    uint64    none      -1     0.12    0.00    0.00      0     0.12    0.00    0.00      0
           0             0    uint64    none      -1     0.12    0.00    0.00      0     0.12    0.00    0.00      0
           0             0    uint64    none      -1     0.12    0.00    0.00      0     0.12    0.00    0.00      0
          64             4    uint64    none      -1     7.91    0.01    0.00      0     7.71    0.01    0.00      0
         128             8    uint64    none      -1     7.83    0.02    0.01      0     7.72    0.02    0.01      0
         256            16    uint64    none      -1     7.89    0.03    0.02      0     7.72    0.03    0.02      0
         512            32    uint64    none      -1     8.13    0.06    0.03      0     7.72    0.07    0.03      0
        1024            64    uint64    none      -1     8.11    0.13    0.06      0     7.74    0.13    0.07      0
        2048           128    uint64    none      -1     8.00    0.26    0.13      0     7.80    0.26    0.13      0
        4096           256    uint64    none      -1     8.10    0.51    0.25      0     7.90    0.52    0.26      0
        8192           512    uint64    none      -1     8.49    0.96    0.48      0     8.22    1.00    0.50      0
       16384          1024    uint64    none      -1     8.64    1.90    0.95      0     8.33    1.97    0.98      0
       32768          2048    uint64    none      -1     8.81    3.72    1.86      0     8.59    3.81    1.91      0
       65536          4096    uint64    none      -1     8.96    7.32    3.66      0     8.81    7.44    3.72      0
      131072          8192    uint64    none      -1     9.10   14.40    7.20      0     9.06   14.47    7.23      0
      262144         16384    uint64    none      -1    10.02   26.16   13.08      0     9.68   27.07   13.54      0
      524288         32768    uint64    none      -1    11.05   47.44   23.72      0    10.47   50.07   25.03      0
     1048576         65536    uint64    none      -1    13.79   76.05   38.03      0    12.79   81.98   40.99      0
     2097152        131072    uint64    none      -1    19.46  107.79   53.90      0    17.84  117.56   58.78      0
     4194304        262144    uint64    none      -1    28.40  147.68   73.84      0    27.97  149.94   74.97      0
     8388608        524288    uint64    none      -1    37.40  224.28  112.14      0    35.72  234.86  117.43      0
    16777216       1048576    uint64    none      -1    53.41  314.13  157.06      0    51.56  325.42  162.71      0
    33554432       2097152    uint64    none      -1    89.06  376.75  188.37      0    85.19  393.90  196.95      0
    67108864       4194304    uint64    none      -1    152.7  439.42  219.71      0    149.2  449.79  224.90      0
   134217728       8388608    uint64    none      -1    274.8  488.35  244.18      0    264.5  507.45  253.72      0
           0             0      half    none      -1     0.12    0.00    0.00      0     0.12    0.00    0.00      0
          16             4      half    none      -1     7.75    0.00    0.00      0     7.70    0.00    0.00      0
          32             8      half    none      -1     7.74    0.00    0.00      0     7.70    0.00    0.00      0
          64            16      half    none      -1     7.81    0.01    0.00      0     7.70    0.01    0.00      0
         128            32      half    none      -1     7.81    0.02    0.01      0     7.72    0.02    0.01      0
         256            64      half    none      -1     7.89    0.03    0.02      0     7.73    0.03    0.02      0
         512           128      half    none      -1     8.02    0.06    0.03      0     7.72    0.07    0.03      0
        1024           256      half    none      -1     8.00    0.13    0.06      0     7.73    0.13    0.07      0
        2048           512      half    none      -1     7.99    0.26    0.13      0     7.80    0.26    0.13      0
        4096          1024      half    none      -1     8.09    0.51    0.25      0     7.90    0.52    0.26      0
        8192          2048      half    none      -1     8.49    0.96    0.48      0     8.21    1.00    0.50      0
       16384          4096      half    none      -1     8.69    1.88    0.94      0     8.34    1.96    0.98      0
       32768          8192      half    none      -1     8.85    3.70    1.85      0     8.59    3.82    1.91      0
       65536         16384      half    none      -1     8.94    7.33    3.66      0     8.82    7.43    3.72      0
      131072         32768      half    none      -1     9.11   14.38    7.19      0     9.02   14.53    7.26      0
      262144         65536      half    none      -1    10.03   26.13   13.06      0     9.67   27.10   13.55      0
      524288        131072      half    none      -1    11.04   47.50   23.75      0    10.52   49.83   24.92      0
     1048576        262144      half    none      -1    13.75   76.28   38.14      0    12.79   81.95   40.98      0
     2097152        524288      half    none      -1    19.50  107.54   53.77      0    17.83  117.59   58.80      0
     4194304       1048576      half    none      -1    28.37  147.84   73.92      0    27.92  150.24   75.12      0
     8388608       2097152      half    none      -1    37.32  224.76  112.38      0    35.49  236.37  118.19      0
    16777216       4194304      half    none      -1    53.46  313.82  156.91      0    51.38  326.56  163.28      0
    33554432       8388608      half    none      -1    88.89  377.49  188.74      0    85.00  394.74  197.37      0
    67108864      16777216      half    none      -1    152.1  441.16  220.58      0    148.9  450.83  225.42      0
   134217728      33554432      half    none      -1    274.1  489.70  244.85      0    263.7  509.04  254.52      0
           0             0     float    none      -1     0.12    0.00    0.00      0     0.12    0.00    0.00      0
           0             0     float    none      -1     0.12    0.00    0.00      0     0.12    0.00    0.00      0
          32             4     float    none      -1     7.81    0.00    0.00      0     7.70    0.00    0.00      0
          64             8     float    none      -1     7.80    0.01    0.00      0     7.70    0.01    0.00      0
         128            16     float    none      -1     7.81    0.02    0.01      0     7.72    0.02    0.01      0
         256            32     float    none      -1     7.88    0.03    0.02      0     7.73    0.03    0.02      0
         512            64     float    none      -1     8.02    0.06    0.03      0     7.71    0.07    0.03      0
        1024           128     float    none      -1     8.00    0.13    0.06      0     7.74    0.13    0.07      0
        2048           256     float    none      -1     8.00    0.26    0.13      0     7.79    0.26    0.13      0
        4096           512     float    none      -1     8.09    0.51    0.25      0     7.91    0.52    0.26      0
        8192          1024     float    none      -1     8.48    0.97    0.48      0     8.22    1.00    0.50      0
       16384          2048     float    none      -1     8.65    1.89    0.95      0     8.38    1.96    0.98      0
       32768          4096     float    none      -1     8.82    3.71    1.86      0     8.61    3.81    1.90      0
       65536          8192     float    none      -1     8.92    7.35    3.67      0     8.81    7.44    3.72      0
      131072         16384     float    none      -1     9.11   14.39    7.19      0     9.01   14.55    7.28      0
      262144         32768     float    none      -1    10.03   26.15   13.07      0     9.71   26.99   13.49      0
      524288         65536     float    none      -1    11.04   47.49   23.75      0    10.46   50.11   25.06      0
     1048576        131072     float    none      -1    13.79   76.05   38.03      0    12.80   81.94   40.97      0
     2097152        262144     float    none      -1    19.44  107.85   53.93      0    17.84  117.55   58.78      0
     4194304        524288     float    none      -1    28.38  147.78   73.89      0    27.74  151.21   75.60      0
     8388608       1048576     float    none      -1    37.35  224.62  112.31      0    35.69  235.06  117.53      0
    16777216       2097152     float    none      -1    53.62  312.91  156.45      0    51.46  326.01  163.01      0
    33554432       4194304     float    none      -1    89.17  376.29  188.14      0    84.86  395.43  197.72      0
    67108864       8388608     float    none      -1    153.1  438.39  219.19      0    148.9  450.73  225.36      0
   134217728      16777216     float    none      -1    275.3  487.53  243.77      0    263.5  509.37  254.68      0
           0             0    double    none      -1     0.12    0.00    0.00      0     0.12    0.00    0.00      0
           0             0    double    none      -1     0.11    0.00    0.00      0     0.12    0.00    0.00      0
           0             0    double    none      -1     0.12    0.00    0.00      0     0.12    0.00    0.00      0
          64             4    double    none      -1     7.90    0.01    0.00      0     7.70    0.01    0.00      0
         128             8    double    none      -1     7.82    0.02    0.01      0     7.72    0.02    0.01      0
         256            16    double    none      -1     7.88    0.03    0.02      0     7.73    0.03    0.02      0
         512            32    double    none      -1     8.12    0.06    0.03      0     7.73    0.07    0.03      0
        1024            64    double    none      -1     8.11    0.13    0.06      0     7.74    0.13    0.07      0
        2048           128    double    none      -1     8.00    0.26    0.13      0     7.79    0.26    0.13      0
        4096           256    double    none      -1     8.09    0.51    0.25      0     7.91    0.52    0.26      0
        8192           512    double    none      -1     8.49    0.97    0.48      0     8.22    1.00    0.50      0
       16384          1024    double    none      -1     8.67    1.89    0.94      0     8.34    1.97    0.98      0
       32768          2048    double    none      -1     8.80    3.72    1.86      0     8.59    3.82    1.91      0
       65536          4096    double    none      -1     8.93    7.34    3.67      0     8.81    7.44    3.72      0
      131072          8192    double    none      -1     9.13   14.35    7.17      0     9.02   14.52    7.26      0
      262144         16384    double    none      -1    10.04   26.11   13.05      0     9.68   27.07   13.53      0
      524288         32768    double    none      -1    11.05   47.46   23.73      0    10.46   50.12   25.06      0
     1048576         65536    double    none      -1    13.76   76.20   38.10      0    12.80   81.94   40.97      0
     2097152        131072    double    none      -1    19.42  108.00   54.00      0    17.92  117.02   58.51      0
     4194304        262144    double    none      -1    28.35  147.95   73.98      0    28.00  149.81   74.90      0
     8388608        524288    double    none      -1    37.38  224.40  112.20      0    35.64  235.37  117.68      0
    16777216       1048576    double    none      -1    53.68  312.54  156.27      0    51.40  326.41  163.20      0
    33554432       2097152    double    none      -1    89.78  373.73  186.87      0    84.80  395.69  197.85      0
    67108864       4194304    double    none      -1    152.6  439.91  219.96      0    149.1  450.02  225.01      0
   134217728       8388608    double    none      -1    276.3  485.77  242.89      0    263.4  509.63  254.82      0
           0             0  bfloat16    none      -1     0.12    0.00    0.00      0     0.12    0.00    0.00      0
          16             4  bfloat16    none      -1     7.75    0.00    0.00      0     7.69    0.00    0.00      0
          32             8  bfloat16    none      -1     7.74    0.00    0.00      0     7.70    0.00    0.00      0
          64            16  bfloat16    none      -1     7.81    0.01    0.00      0     7.70    0.01    0.00      0
         128            32  bfloat16    none      -1     7.82    0.02    0.01      0     7.72    0.02    0.01      0
         256            64  bfloat16    none      -1     7.89    0.03    0.02      0     7.72    0.03    0.02      0
         512           128  bfloat16    none      -1     8.01    0.06    0.03      0     7.72    0.07    0.03      0
        1024           256  bfloat16    none      -1     8.01    0.13    0.06      0     7.73    0.13    0.07      0
        2048           512  bfloat16    none      -1     8.00    0.26    0.13      0     7.80    0.26    0.13      0
        4096          1024  bfloat16    none      -1     8.11    0.51    0.25      0     7.92    0.52    0.26      0
        8192          2048  bfloat16    none      -1     8.50    0.96    0.48      0     8.23    1.00    0.50      0
       16384          4096  bfloat16    none      -1     8.66    1.89    0.95      0     8.34    1.96    0.98      0
       32768          8192  bfloat16    none      -1     8.85    3.70    1.85      0     8.59    3.81    1.91      0
       65536         16384  bfloat16    none      -1     8.94    7.33    3.66      0     8.84    7.41    3.71      0
      131072         32768  bfloat16    none      -1     9.12   14.37    7.19      0     9.04   14.50    7.25      0
      262144         65536  bfloat16    none      -1    10.04   26.12   13.06      0     9.71   27.00   13.50      0
      524288        131072  bfloat16    none      -1    11.04   47.50   23.75      0    10.50   49.93   24.97      0
     1048576        262144  bfloat16    none      -1    13.76   76.23   38.12      0    12.80   81.95   40.97      0
     2097152        524288  bfloat16    none      -1    19.48  107.65   53.82      0    17.81  117.78   58.89      0
     4194304       1048576  bfloat16    none      -1    28.38  147.80   73.90      0    27.78  150.97   75.49      0
     8388608       2097152  bfloat16    none      -1    37.30  224.90  112.45      0    35.65  235.34  117.67      0
    16777216       4194304  bfloat16    none      -1    53.47  313.80  156.90      0    51.59  325.21  162.60      0
    33554432       8388608  bfloat16    none      -1    88.97  377.12  188.56      0    85.01  394.70  197.35      0
    67108864      16777216  bfloat16    none      -1    153.2  438.11  219.06      0    149.3  449.52  224.76      0
   134217728      33554432  bfloat16    none      -1    274.6  488.75  244.37      0    263.4  509.60  254.80      0
# Out of bounds values : 0 OK
# Avg bus bandwidth    : 46.4914 
#

