# nThread 1 nGpus 1 minBytes 8 maxBytes 134217728 step: 2(factor) warmup iters: 100 iters: 1000 agg iters: 1 validation: 1 graph: 0
#
# Using devices
#  Rank  0 Group  0 Pid  34226 on   bjys1148 device  0 [0x2a] NVIDIA H20
#  Rank  1 Group  0 Pid  34227 on   bjys1148 device  1 [0x3a] NVIDIA H20
#  Rank  2 Group  0 Pid  34228 on   bjys1148 device  2 [0x4c] NVIDIA H20
#  Rank  3 Group  0 Pid  34229 on   bjys1148 device  3 [0x5c] NVIDIA H20
#  Rank  4 Group  0 Pid  34231 on   bjys1148 device  4 [0xaa] NVIDIA H20
#  Rank  5 Group  0 Pid  34233 on   bjys1148 device  5 [0xba] NVIDIA H20
#  Rank  6 Group  0 Pid  34235 on   bjys1148 device  6 [0xca] NVIDIA H20
#  Rank  7 Group  0 Pid  34238 on   bjys1148 device  7 [0xda] NVIDIA H20
#
#                                                              out-of-place                       in-place          
#       size         count      type   redop    root     time   algbw   busbw #wrong     time   algbw   busbw #wrong
#        (B)    (elements)                               (us)  (GB/s)  (GB/s)            (us)  (GB/s)  (GB/s)       
           8             1      int8    none       0     7.80    0.00    0.00      0     7.01    0.00    0.00      0
          16             2      int8    none       0     6.90    0.00    0.00      0     7.14    0.00    0.00      0
          32             4      int8    none       0     7.12    0.00    0.00      0     7.11    0.00    0.00      0
          64             8      int8    none       0     7.09    0.01    0.01      0     7.11    0.01    0.01      0
         128            16      int8    none       0     7.22    0.02    0.02      0     7.24    0.02    0.02      0
         256            32      int8    none       0     7.31    0.04    0.03      0     7.29    0.04    0.03      0
         512            64      int8    none       0     7.31    0.07    0.06      0     7.33    0.07    0.06      0
        1024           128      int8    none       0     7.33    0.14    0.12      0     7.35    0.14    0.12      0
        2048           256      int8    none       0     7.79    0.26    0.23      0     7.29    0.28    0.25      0
        4096           512      int8    none       0     7.78    0.53    0.46      0     7.29    0.56    0.49      0
        8192          1024      int8    none       0     7.65    1.07    0.94      0     7.32    1.12    0.98      0
       16384          2048      int8    none       0     7.42    2.21    1.93      0     7.36    2.23    1.95      0
       32768          4096      int8    none       0     7.83    4.18    3.66      0     7.87    4.16    3.64      0
       65536          8192      int8    none       0     8.88    7.38    6.46      0     8.87    7.39    6.47      0
      131072         16384      int8    none       0    10.65   12.31   10.77      0    10.56   12.41   10.86      0
      262144         32768      int8    none       0    10.51   24.94   21.82      0     9.82   26.69   23.36      0
      524288         65536      int8    none       0    11.54   45.42   39.75      0    11.23   46.70   40.86      0
     1048576        131072      int8    none       0    11.80   88.82   77.72      0    11.75   89.24   78.09      0
     2097152        262144      int8    none       0    15.07  139.18  121.78      0    14.99  139.93  122.44      0
     4194304        524288      int8    none       0    20.84  201.24  176.09      0    20.74  202.22  176.94      0
     8388608       1048576      int8    none       0    31.97  262.41  229.61      0    31.93  262.69  229.85      0
    16777216       2097152      int8    none       0    54.04  310.48  271.67      0    53.86  311.47  272.54      0
    33554432       4194304      int8    none       0    98.29  341.37  298.70      0    98.04  342.26  299.48      0
    67108864       8388608      int8    none       0    188.0  356.90  312.29      0    188.2  356.58  312.01      0
   134217728      16777216      int8    none       0    362.3  370.42  324.11      0    362.5  370.26  323.98      0
           8             1     uint8    none       0     7.25    0.00    0.00      0     7.25    0.00    0.00      0
          16             2     uint8    none       0     7.25    0.00    0.00      0     7.26    0.00    0.00      0
          32             4     uint8    none       0     7.25    0.00    0.00      0     7.26    0.00    0.00      0
          64             8     uint8    none       0     7.25    0.01    0.01      0     7.29    0.01    0.01      0
         128            16     uint8    none       0     7.27    0.02    0.02      0     7.29    0.02    0.02      0
         256            32     uint8    none       0     7.32    0.03    0.03      0     7.32    0.03    0.03      0
         512            64     uint8    none       0     7.35    0.07    0.06      0     7.35    0.07    0.06      0
        1024           128     uint8    none       0     7.36    0.14    0.12      0     7.35    0.14    0.12      0
        2048           256     uint8    none       0     7.79    0.26    0.23      0     7.31    0.28    0.25      0
        4096           512     uint8    none       0     7.78    0.53    0.46      0     7.30    0.56    0.49      0
        8192          1024     uint8    none       0     7.64    1.07    0.94      0     7.32    1.12    0.98      0
       16384          2048     uint8    none       0     7.37    2.22    1.95      0     7.36    2.23    1.95      0
       32768          4096     uint8    none       0     7.84    4.18    3.66      0     7.86    4.17    3.65      0
       65536          8192     uint8    none       0     8.87    7.39    6.47      0     8.86    7.40    6.47      0
      131072         16384     uint8    none       0    10.66   12.30   10.76      0    10.55   12.42   10.87      0
      262144         32768     uint8    none       0    10.77   24.34   21.30      0     9.82   26.68   23.35      0
      524288         65536     uint8    none       0    11.54   45.44   39.76      0    11.19   46.86   41.00      0
     1048576        131072     uint8    none       0    11.89   88.21   77.18      0    11.74   89.31   78.15      0
     2097152        262144     uint8    none       0    15.03  139.54  122.10      0    14.90  140.77  123.18      0
     4194304        524288     uint8    none       0    20.94  200.28  175.24      0    20.76  202.02  176.77      0
     8388608       1048576     uint8    none       0    32.00  262.11  229.35      0    31.89  263.01  230.13      0
    16777216       2097152     uint8    none       0    53.96  310.89  272.03      0    53.82  311.74  272.77      0
    33554432       4194304     uint8    none       0    98.68  340.03  297.53      0    98.24  341.56  298.87      0
    67108864       8388608     uint8    none       0    188.2  356.63  312.05      0    188.0  356.95  312.33      0
   134217728      16777216     uint8    none       0    362.2  370.55  324.23      0    363.0  369.72  323.50      0
           0             0     int32    none       0     0.05    0.00    0.00      0     0.04    0.00    0.00      0
           0             0     int32    none       0     0.05    0.00    0.00      0     0.04    0.00    0.00      0
          32             1     int32    none       0     7.25    0.00    0.00      0     7.27    0.00    0.00      0
          64             2     int32    none       0     7.26    0.01    0.01      0     7.32    0.01    0.01      0
         128             4     int32    none       0     7.28    0.02    0.02      0     7.29    0.02    0.02      0
         256             8     int32    none       0     7.32    0.03    0.03      0     7.32    0.03    0.03      0
         512            16     int32    none       0     7.36    0.07    0.06      0     7.36    0.07    0.06      0
        1024            32     int32    none       0     7.36    0.14    0.12      0     7.36    0.14    0.12      0
        2048            64     int32    none       0     7.74    0.26    0.23      0     7.30    0.28    0.25      0
        4096           128     int32    none       0     7.77    0.53    0.46      0     7.35    0.56    0.49      0
        8192           256     int32    none       0     7.59    1.08    0.94      0     7.31    1.12    0.98      0
       16384           512     int32    none       0     7.36    2.23    1.95      0     7.36    2.23    1.95      0
       32768          1024     int32    none       0     7.83    4.18    3.66      0     7.88    4.16    3.64      0
       65536          2048     int32    none       0     8.88    7.38    6.45      0     8.88    7.38    6.46      0
      131072          4096     int32    none       0    10.67   12.29   10.75      0    10.57   12.40   10.85      0
      262144          8192     int32    none       0    10.56   24.82   21.72      0     9.85   26.62   23.30      0
      524288         16384     int32    none       0    11.53   45.46   39.78      0    11.17   46.93   41.07      0
     1048576         32768     int32    none       0    11.85   88.47   77.41      0    11.77   89.10   77.96      0
     2097152         65536     int32    none       0    15.03  139.54  122.10      0    14.92  140.57  123.00      0
     4194304        131072     int32    none       0    20.79  201.78  176.56      0    20.80  201.62  176.42      0
     8388608        262144     int32    none       0    31.96  262.47  229.66      0    31.87  263.24  230.33      0
    16777216        524288     int32    none       0    53.93  311.08  272.20      0    53.87  311.45  272.52      0
    33554432       1048576     int32    none       0    98.48  340.73  298.14      0    97.96  342.54  299.72      0
    67108864       2097152     int32    none       0    187.9  357.16  312.52      0    188.1  356.80  312.20      0
   134217728       4194304     int32    none       0    363.5  369.21  323.06      0    363.8  368.90  322.79      0
           0             0    uint32    none       0     0.05    0.00    0.00      0     0.04    0.00    0.00      0
           0             0    uint32    none       0     0.05    0.00    0.00      0     0.04    0.00    0.00      0
          32             1    uint32    none       0     7.31    0.00    0.00      0     7.26    0.00    0.00      0
          64             2    uint32    none       0     7.25    0.01    0.01      0     7.27    0.01    0.01      0
         128             4    uint32    none       0     7.28    0.02    0.02      0     7.29    0.02    0.02      0
         256             8    uint32    none       0     7.33    0.03    0.03      0     7.32    0.03    0.03      0
         512            16    uint32    none       0     7.35    0.07    0.06      0     7.35    0.07    0.06      0
        1024            32    uint32    none       0     7.35    0.14    0.12      0     7.34    0.14    0.12      0
        2048            64    uint32    none       0     7.79    0.26    0.23      0     7.36    0.28    0.24      0
        4096           128    uint32    none       0     7.77    0.53    0.46      0     7.31    0.56    0.49      0
        8192           256    uint32    none       0     7.60    1.08    0.94      0     7.32    1.12    0.98      0
       16384           512    uint32    none       0     7.35    2.23    1.95      0     7.35    2.23    1.95      0
       32768          1024    uint32    none       0     7.84    4.18    3.66      0     7.86    4.17    3.65      0
       65536          2048    uint32    none       0     8.88    7.38    6.46      0     8.89    7.37    6.45      0
      131072          4096    uint32    none       0    10.71   12.24   10.71      0    10.57   12.40   10.85      0
      262144          8192    uint32    none       0    10.49   24.98   21.86      0     9.84   26.65   23.31      0
      524288         16384    uint32    none       0    11.53   45.48   39.80      0    11.17   46.92   41.05      0
     1048576         32768    uint32    none       0    11.82   88.75   77.66      0    11.83   88.66   77.57      0
     2097152         65536    uint32    none       0    15.00  139.83  122.35      0    14.89  140.88  123.27      0
     4194304        131072    uint32    none       0    20.91  200.62  175.54      0    20.81  201.55  176.36      0
     8388608        262144    uint32    none       0    32.07  261.57  228.87      0    31.93  262.73  229.89      0
    16777216        524288    uint32    none       0    53.97  310.86  272.00      0    53.79  311.87  272.89      0
    33554432       1048576    uint32    none       0    98.95  339.11  296.72      0    98.29  341.37  298.70      0
    67108864       2097152    uint32    none       0    188.2  356.62  312.04      0    188.0  357.04  312.41      0
   134217728       4194304    uint32    none       0    362.3  370.48  324.17      0    362.9  369.88  323.65      0
           0             0     int64    none       0     0.05    0.00    0.00      0     0.04    0.00    0.00      0
           0             0     int64    none       0     0.05    0.00    0.00      0     0.04    0.00    0.00      0
           0             0     int64    none       0     0.05    0.00    0.00      0     0.04    0.00    0.00      0
          64             1     int64    none       0     7.25    0.01    0.01      0     7.35    0.01    0.01      0
         128             2     int64    none       0     7.27    0.02    0.02      0     7.29    0.02    0.02      0
         256             4     int64    none       0     7.33    0.03    0.03      0     7.31    0.04    0.03      0
         512             8     int64    none       0     7.36    0.07    0.06      0     7.36    0.07    0.06      0
        1024            16     int64    none       0     7.36    0.14    0.12      0     7.36    0.14    0.12      0
        2048            32     int64    none       0     7.79    0.26    0.23      0     7.30    0.28    0.25      0
        4096            64     int64    none       0     7.77    0.53    0.46      0     7.30    0.56    0.49      0
        8192           128     int64    none       0     7.66    1.07    0.94      0     7.31    1.12    0.98      0
       16384           256     int64    none       0     7.36    2.22    1.95      0     7.35    2.23    1.95      0
       32768           512     int64    none       0     7.82    4.19    3.67      0     7.87    4.17    3.64      0
       65536          1024     int64    none       0     8.88    7.38    6.45      0     8.89    7.37    6.45      0
      131072          2048     int64    none       0    10.66   12.30   10.76      0    10.57   12.40   10.85      0
      262144          4096     int64    none       0    10.50   24.96   21.84      0     9.89   26.51   23.19      0
      524288          8192     int64    none       0    11.57   45.33   39.67      0    11.24   46.65   40.82      0
     1048576         16384     int64    none       0    11.79   88.92   77.81      0    11.73   89.41   78.23      0
     2097152         32768     int64    none       0    15.09  139.00  121.63      0    15.00  139.78  122.31      0
     4194304         65536     int64    none       0    20.80  201.67  176.46      0    20.76  202.00  176.75      0
     8388608        131072     int64    none       0    31.96  262.45  229.64      0    31.95  262.58  229.76      0
    16777216        262144     int64    none       0    54.03  310.51  271.69      0    53.92  311.14  272.25      0
    33554432        524288     int64    none       0    98.30  341.35  298.68      0    98.05  342.22  299.44      0
    67108864       1048576     int64    none       0    188.2  356.64  312.06      0    188.0  356.98  312.36      0
   134217728       2097152     int64    none       0    362.4  370.34  324.05      0    362.2  370.58  324.26      0
           0             0    uint64    none       0     0.05    0.00    0.00      0     0.04    0.00    0.00      0
           0             0    uint64    none       0     0.05    0.00    0.00      0     0.04    0.00    0.00      0
           0             0    uint64    none       0     0.05    0.00    0.00      0     0.04    0.00    0.00      0
          64             1    uint64    none       0     7.25    0.01    0.01      0     7.28    0.01    0.01      0
         128             2    uint64    none       0     7.28    0.02    0.02      0     7.35    0.02    0.02      0
         256             4    uint64    none       0     7.32    0.03    0.03      0     7.33    0.03    0.03      0
         512             8    uint64    none       0     7.35    0.07    0.06      0     7.35    0.07    0.06      0
        1024            16    uint64    none       0     7.35    0.14    0.12      0     7.35    0.14    0.12      0
        2048            32    uint64    none       0     7.79    0.26    0.23      0     7.30    0.28    0.25      0
        4096            64    uint64    none       0     7.78    0.53    0.46      0     7.29    0.56    0.49      0
        8192           128    uint64    none       0     7.59    1.08    0.94      0     7.31    1.12    0.98      0
       16384           256    uint64    none       0     7.48    2.19    1.92      0     7.36    2.23    1.95      0
       32768           512    uint64    none       0     7.83    4.18    3.66      0     7.87    4.17    3.65      0
       65536          1024    uint64    none       0     8.89    7.37    6.45      0     8.88    7.38    6.45      0
      131072          2048    uint64    none       0    10.67   12.29   10.75      0    10.57   12.40   10.85      0
      262144          4096    uint64    none       0    10.49   25.00   21.87      0     9.82   26.69   23.36      0
      524288          8192    uint64    none       0    11.60   45.21   39.55      0    11.21   46.77   40.92      0
     1048576         16384    uint64    none       0    11.80   88.88   77.77      0    11.74   89.31   78.15      0
     2097152         32768    uint64    none       0    15.05  139.36  121.94      0    14.85  141.18  123.53      0
     4194304         65536    uint64    none       0    20.92  200.45  175.40      0    20.74  202.20  176.93      0
     8388608        131072    uint64    none       0    32.06  261.68  228.97      0    31.87  263.22  230.31      0
    16777216        262144    uint64    none       0    53.99  310.77  271.93      0    53.85  311.58  272.63      0
    33554432        524288    uint64    none       0    98.68  340.03  297.53      0    98.50  340.65  298.07      0
    67108864       1048576    uint64    none       0    188.2  356.58  312.01      0    188.1  356.77  312.18      0
   134217728       2097152    uint64    none       0    362.3  370.48  324.17      0    363.1  369.67  323.46      0
           0             0      half    none       0     0.05    0.00    0.00      0     0.04    0.00    0.00      0
          16             1      half    none       0     7.26    0.00    0.00      0     7.27    0.00    0.00      0
          32             2      half    none       0     7.26    0.00    0.00      0     7.27    0.00    0.00      0
          64             4      half    none       0     7.27    0.01    0.01      0     7.34    0.01    0.01      0
         128             8      half    none       0     7.29    0.02    0.02      0     7.30    0.02    0.02      0
         256            16      half    none       0     7.33    0.03    0.03      0     7.33    0.03    0.03      0
         512            32      half    none       0     7.35    0.07    0.06      0     7.35    0.07    0.06      0
        1024            64      half    none       0     7.36    0.14    0.12      0     7.36    0.14    0.12      0
        2048           128      half    none       0     7.79    0.26    0.23      0     7.31    0.28    0.25      0
        4096           256      half    none       0     7.78    0.53    0.46      0     7.30    0.56    0.49      0
        8192           512      half    none       0     7.70    1.06    0.93      0     7.31    1.12    0.98      0
       16384          1024      half    none       0     7.36    2.23    1.95      0     7.36    2.23    1.95      0
       32768          2048      half    none       0     7.84    4.18    3.66      0     7.86    4.17    3.65      0
       65536          4096      half    none       0     8.89    7.37    6.45      0     8.87    7.39    6.46      0
      131072          8192      half    none       0    10.65   12.31   10.77      0    10.56   12.41   10.86      0
      262144         16384      half    none       0    10.55   24.85   21.75      0     9.81   26.72   23.38      0
      524288         32768      half    none       0    11.55   45.38   39.70      0    11.24   46.64   40.81      0
     1048576         65536      half    none       0    11.79   88.95   77.83      0    11.85   88.52   77.45      0
     2097152        131072      half    none       0    15.08  139.07  121.69      0    14.99  139.93  122.44      0
     4194304        262144      half    none       0    20.88  200.85  175.75      0    20.72  202.42  177.11      0
     8388608        524288      half    none       0    31.97  262.39  229.59      0    31.91  262.92  230.06      0
    16777216       1048576      half    none       0    53.98  310.80  271.95      0    53.87  311.45  272.51      0
    33554432       2097152      half    none       0    98.21  341.64  298.94      0    98.12  341.98  299.23      0
    67108864       4194304      half    none       0    188.1  356.72  312.13      0    188.1  356.80  312.20      0
   134217728       8388608      half    none       0    362.3  370.49  324.18      0    362.4  370.32  324.03      0
           0             0     float    none       0     0.05    0.00    0.00      0     0.04    0.00    0.00      0
           0             0     float    none       0     0.05    0.00    0.00      0     0.04    0.00    0.00      0
          32             1     float    none       0     7.30    0.00    0.00      0     7.27    0.00    0.00      0
          64             2     float    none       0     7.26    0.01    0.01      0     7.28    0.01    0.01      0
         128             4     float    none       0     7.28    0.02    0.02      0     7.29    0.02    0.02      0
         256             8     float    none       0     7.32    0.03    0.03      0     7.32    0.03    0.03      0
         512            16     float    none       0     7.34    0.07    0.06      0     7.35    0.07    0.06      0
        1024            32     float    none       0     7.36    0.14    0.12      0     7.35    0.14    0.12      0
        2048            64     float    none       0     7.79    0.26    0.23      0     7.36    0.28    0.24      0
        4096           128     float    none       0     7.77    0.53    0.46      0     7.31    0.56    0.49      0
        8192           256     float    none       0     7.65    1.07    0.94      0     7.32    1.12    0.98      0
       16384           512     float    none       0     7.37    2.22    1.95      0     7.36    2.23    1.95      0
       32768          1024     float    none       0     7.83    4.18    3.66      0     7.87    4.17    3.65      0
       65536          2048     float    none       0     8.88    7.38    6.46      0     8.89    7.37    6.45      0
      131072          4096     float    none       0    10.71   12.24   10.71      0    10.57   12.40   10.85      0
      262144          8192     float    none       0    10.51   24.95   21.83      0     9.78   26.80   23.45      0
      524288         16384     float    none       0    11.56   45.36   39.69      0    11.20   46.80   40.95      0
     1048576         32768     float    none       0    11.83   88.65   77.57      0    11.84   88.57   77.50      0
     2097152         65536     float    none       0    15.13  138.61  121.28      0    14.97  140.11  122.60      0
     4194304        131072     float    none       0    20.84  201.30  176.14      0    20.75  202.18  176.91      0
     8388608        262144     float    none       0    31.93  262.76  229.91      0    31.84  263.43  230.50      0
    16777216        524288     float    none       0    53.73  312.27  273.24      0    53.57  313.21  274.06      0
    33554432       1048576     float    none       0    98.54  340.53  297.96      0    97.84  342.94  300.07      0
    67108864       2097152     float    none       0    188.1  356.75  312.16      0    187.7  357.49  312.81      0
   134217728       4194304     float    none       0    363.7  369.03  322.90      0    364.2  368.49  322.43      0
           0             0    double    none       0     0.05    0.00    0.00      0     0.04    0.00    0.00      0
           0             0    double    none       0     0.05    0.00    0.00      0     0.04    0.00    0.00      0
           0             0    double    none       0     0.05    0.00    0.00      0     0.04    0.00    0.00      0
          64             1    double    none       0     7.18    0.01    0.01      0     7.16    0.01    0.01      0
         128             2    double    none       0     7.27    0.02    0.02      0     7.29    0.02    0.02      0
         256             4    double    none       0     7.31    0.04    0.03      0     7.32    0.03    0.03      0
         512             8    double    none       0     7.35    0.07    0.06      0     7.35    0.07    0.06      0
        1024            16    double    none       0     7.37    0.14    0.12      0     7.35    0.14    0.12      0
        2048            32    double    none       0     7.99    0.26    0.22      0     7.30    0.28    0.25      0
        4096            64    double    none       0     7.78    0.53    0.46      0     7.41    0.55    0.48      0
        8192           128    double    none       0     7.59    1.08    0.94      0     7.33    1.12    0.98      0
       16384           256    double    none       0     7.37    2.22    1.95      0     7.36    2.23    1.95      0
       32768           512    double    none       0     7.82    4.19    3.66      0     7.88    4.16    3.64      0
       65536          1024    double    none       0     8.88    7.38    6.46      0     8.89    7.37    6.45      0
      131072          2048    double    none       0    10.66   12.29   10.76      0    10.57   12.40   10.85      0
      262144          4096    double    none       0    10.57   24.80   21.70      0     9.84   26.63   23.30      0
      524288          8192    double    none       0    11.54   45.44   39.76      0    11.18   46.89   41.03      0
     1048576         16384    double    none       0    11.83   88.67   77.59      0    11.75   89.22   78.07      0
     2097152         32768    double    none       0    14.96  140.14  122.62      0    14.90  140.76  123.17      0
     4194304         65536    double    none       0    20.80  201.67  176.46      0    20.76  202.01  176.76      0
     8388608        131072    double    none       0    31.98  262.32  229.53      0    31.80  263.79  230.82      0
    16777216        262144    double    none       0    53.89  311.35  272.43      0    53.79  311.90  272.91      0
    33554432        524288    double    none       0    98.33  341.24  298.58      0    97.99  342.42  299.62      0
    67108864       1048576    double    none       0    187.8  357.44  312.76      0    188.0  356.98  312.36      0
   134217728       2097152    double    none       0    363.3  369.40  323.23      0    363.7  369.06  322.93      0
           0             0  bfloat16    none       0     0.05    0.00    0.00      0     0.04    0.00    0.00      0
          16             1  bfloat16    none       0     7.25    0.00    0.00      0     7.25    0.00    0.00      0
          32             2  bfloat16    none       0     7.24    0.00    0.00      0     7.30    0.00    0.00      0
          64             4  bfloat16    none       0     7.25    0.01    0.01      0     7.27    0.01    0.01      0
         128             8  bfloat16    none       0     7.27    0.02    0.02      0     7.28    0.02    0.02      0
         256            16  bfloat16    none       0     7.33    0.03    0.03      0     7.32    0.03    0.03      0
         512            32  bfloat16    none       0     7.33    0.07    0.06      0     7.35    0.07    0.06      0
        1024            64  bfloat16    none       0     7.35    0.14    0.12      0     7.35    0.14    0.12      0
        2048           128  bfloat16    none       0     7.79    0.26    0.23      0     7.34    0.28    0.24      0
        4096           256  bfloat16    none       0     7.75    0.53    0.46      0     7.30    0.56    0.49      0
        8192           512  bfloat16    none       0     7.65    1.07    0.94      0     7.31    1.12    0.98      0
       16384          1024  bfloat16    none       0     7.38    2.22    1.94      0     7.35    2.23    1.95      0
       32768          2048  bfloat16    none       0     7.82    4.19    3.67      0     7.87    4.16    3.64      0
       65536          4096  bfloat16    none       0     8.88    7.38    6.46      0     8.88    7.38    6.45      0
      131072          8192  bfloat16    none       0    10.64   12.31   10.78      0    10.60   12.36   10.82      0
      262144         16384  bfloat16    none       0    10.48   25.02   21.89      0     9.81   26.72   23.38      0
      524288         32768  bfloat16    none       0    11.54   45.41   39.74      0    11.21   46.78   40.93      0
     1048576         65536  bfloat16    none       0    11.85   88.47   77.41      0    11.79   88.97   77.85      0
     2097152        131072  bfloat16    none       0    15.10  138.88  121.52      0    14.99  139.95  122.46      0
     4194304        262144  bfloat16    none       0    20.90  200.69  175.61      0    20.72  202.44  177.14      0
     8388608        524288  bfloat16    none       0    31.98  262.31  229.52      0    31.77  264.07  231.06      0
    16777216       1048576  bfloat16    none       0    53.73  312.27  273.23      0    53.58  313.12  273.98      0
    33554432       2097152  bfloat16    none       0    98.46  340.80  298.20      0    97.91  342.72  299.88      0
    67108864       4194304  bfloat16    none       0    188.0  357.04  312.41      0    187.9  357.17  312.53      0
   134217728       8388608  bfloat16    none       0    363.8  368.98  322.86      0    364.1  368.60  322.52      0
# Out of bounds values : 0 OK
# Avg bus bandwidth    : 76.0437 
#

