# nThread 1 nGpus 1 minBytes 8 maxBytes 134217728 step: 2(factor) warmup iters: 100 iters: 1000 agg iters: 1 validation: 1 graph: 0
#
# Using devices
#  Rank  0 Group  0 Pid  31088 on   bjys1148 device  0 [0x2a] NVIDIA H20
#  Rank  1 Group  0 Pid  31089 on   bjys1148 device  1 [0x3a] NVIDIA H20
#
#                                                              out-of-place                       in-place          
#       size         count      type   redop    root     time   algbw   busbw #wrong     time   algbw   busbw #wrong
#        (B)    (elements)                               (us)  (GB/s)  (GB/s)            (us)  (GB/s)  (GB/s)       
           8             4      int8    none       0     7.39    0.00    0.00      0     7.10    0.00    0.00      0
          16             8      int8    none       0     7.10    0.00    0.00      0     7.11    0.00    0.00      0
          32            16      int8    none       0     7.08    0.00    0.00      0     7.08    0.00    0.00      0
          64            32      int8    none       0     7.06    0.01    0.00      0     7.07    0.01    0.00      0
         128            64      int8    none       0     7.07    0.02    0.01      0     7.05    0.02    0.01      0
         256           128      int8    none       0     7.04    0.04    0.02      0     7.05    0.04    0.02      0
         512           256      int8    none       0     7.35    0.07    0.03      0     6.96    0.07    0.04      0
        1024           512      int8    none       0     7.21    0.14    0.07      0     6.99    0.15    0.07      0
        2048          1024      int8    none       0     7.11    0.29    0.14      0     6.99    0.29    0.15      0
        4096          2048      int8    none       0     7.05    0.58    0.29      0     7.05    0.58    0.29      0
        8192          4096      int8    none       0     7.36    1.11    0.56      0     7.35    1.11    0.56      0
       16384          8192      int8    none       0     8.01    2.05    1.02      0     8.01    2.04    1.02      0
       32768         16384      int8    none       0     9.16    3.58    1.79      0     9.37    3.50    1.75      0
       65536         32768      int8    none       0     9.65    6.79    3.39      0     9.55    6.86    3.43      0
      131072         65536      int8    none       0    10.47   12.51    6.26      0    10.28   12.75    6.37      0
      262144        131072      int8    none       0    10.30   25.44   12.72      0    10.31   25.43   12.72      0
      524288        262144      int8    none       0    10.83   48.41   24.21      0    10.47   50.08   25.04      0
     1048576        524288      int8    none       0    11.07   94.74   47.37      0    10.94   95.88   47.94      0
     2097152       1048576      int8    none       0    11.73  178.80   89.40      0    11.64  180.14   90.07      0
     4194304       2097152      int8    none       0    15.21  275.84  137.92      0    15.13  277.28  138.64      0
     8388608       4194304      int8    none       0    21.23  395.14  197.57      0    21.23  395.05  197.53      0
    16777216       8388608      int8    none       0    33.00  508.43  254.22      0    32.99  508.60  254.30      0
    33554432      16777216      int8    none       0    56.43  594.61  297.30      0    56.29  596.15  298.07      0
    67108864      33554432      int8    none       0    102.6  654.06  327.03      0    102.4  655.07  327.54      0
   134217728      67108864      int8    none       0    193.8  692.41  346.20      0    193.9  692.25  346.12      0
           8             4     uint8    none       0     7.04    0.00    0.00      0     7.05    0.00    0.00      0
          16             8     uint8    none       0     7.04    0.00    0.00      0     7.05    0.00    0.00      0
          32            16     uint8    none       0     7.05    0.00    0.00      0     7.05    0.00    0.00      0
          64            32     uint8    none       0     7.05    0.01    0.00      0     7.05    0.01    0.00      0
         128            64     uint8    none       0     7.05    0.02    0.01      0     7.11    0.02    0.01      0
         256           128     uint8    none       0     7.05    0.04    0.02      0     7.04    0.04    0.02      0
         512           256     uint8    none       0     7.19    0.07    0.04      0     6.98    0.07    0.04      0
        1024           512     uint8    none       0     7.19    0.14    0.07      0     6.98    0.15    0.07      0
        2048          1024     uint8    none       0     7.08    0.29    0.14      0     6.99    0.29    0.15      0
        4096          2048     uint8    none       0     7.05    0.58    0.29      0     7.05    0.58    0.29      0
        8192          4096     uint8    none       0     7.36    1.11    0.56      0     7.37    1.11    0.56      0
       16384          8192     uint8    none       0     8.08    2.03    1.01      0     8.02    2.04    1.02      0
       32768         16384     uint8    none       0     9.11    3.59    1.80      0     9.34    3.51    1.76      0
       65536         32768     uint8    none       0     9.64    6.80    3.40      0     9.55    6.86    3.43      0
      131072         65536     uint8    none       0    10.44   12.56    6.28      0    10.27   12.76    6.38      0
      262144        131072     uint8    none       0    10.29   25.46   12.73      0    10.30   25.45   12.73      0
      524288        262144     uint8    none       0    10.76   48.71   24.35      0    10.46   50.12   25.06      0
     1048576        524288     uint8    none       0    10.98   95.47   47.74      0    10.89   96.26   48.13      0
     2097152       1048576     uint8    none       0    11.65  180.05   90.03      0    11.65  179.99   90.00      0
     4194304       2097152     uint8    none       0    15.12  277.49  138.74      0    15.12  277.42  138.71      0
     8388608       4194304     uint8    none       0    21.14  396.90  198.45      0    21.28  394.23  197.12      0
    16777216       8388608     uint8    none       0    32.82  511.26  255.63      0    33.03  507.98  253.99      0
    33554432      16777216     uint8    none       0    56.09  598.17  299.09      0    56.19  597.18  298.59      0
    67108864      33554432     uint8    none       0    102.3  655.72  327.86      0    102.3  656.09  328.05      0
   134217728      67108864     uint8    none       0    193.7  692.93  346.46      0    193.6  693.43  346.71      0
           8             1     int32    none       0     7.05    0.00    0.00      0     7.06    0.00    0.00      0
          16             2     int32    none       0     7.03    0.00    0.00      0     7.06    0.00    0.00      0
          32             4     int32    none       0     7.11    0.00    0.00      0     7.05    0.00    0.00      0
          64             8     int32    none       0     7.05    0.01    0.00      0     7.05    0.01    0.00      0
         128            16     int32    none       0     7.05    0.02    0.01      0     7.06    0.02    0.01      0
         256            32     int32    none       0     7.05    0.04    0.02      0     7.06    0.04    0.02      0
         512            64     int32    none       0     7.30    0.07    0.04      0     6.99    0.07    0.04      0
        1024           128     int32    none       0     7.20    0.14    0.07      0     6.98    0.15    0.07      0
        2048           256     int32    none       0     7.11    0.29    0.14      0     7.05    0.29    0.15      0
        4096           512     int32    none       0     7.05    0.58    0.29      0     7.05    0.58    0.29      0
        8192          1024     int32    none       0     7.37    1.11    0.56      0     7.35    1.12    0.56      0
       16384          2048     int32    none       0     7.99    2.05    1.02      0     8.02    2.04    1.02      0
       32768          4096     int32    none       0     9.12    3.59    1.80      0     9.35    3.50    1.75      0
       65536          8192     int32    none       0     9.65    6.79    3.39      0     9.60    6.83    3.41      0
      131072         16384     int32    none       0    10.43   12.57    6.28      0    10.27   12.76    6.38      0
      262144         32768     int32    none       0    10.30   25.46   12.73      0    10.30   25.44   12.72      0
      524288         65536     int32    none       0    10.82   48.44   24.22      0    10.47   50.09   25.05      0
     1048576        131072     int32    none       0    10.99   95.43   47.72      0    10.85   96.63   48.32      0
     2097152        262144     int32    none       0    11.64  180.20   90.10      0    11.58  181.06   90.53      0
     4194304        524288     int32    none       0    15.14  277.06  138.53      0    15.08  278.18  139.09      0
     8388608       1048576     int32    none       0    21.23  395.07  197.53      0    21.20  395.61  197.80      0
    16777216       2097152     int32    none       0    32.98  508.67  254.33      0    32.96  508.94  254.47      0
    33554432       4194304     int32    none       0    56.45  594.40  297.20      0    56.32  595.75  297.87      0
    67108864       8388608     int32    none       0    102.6  653.97  326.98      0    102.3  655.94  327.97      0
   134217728      16777216     int32    none       0    193.7  692.75  346.38      0    193.8  692.70  346.35      0
           8             1    uint32    none       0     7.05    0.00    0.00      0     7.06    0.00    0.00      0
          16             2    uint32    none       0     7.04    0.00    0.00      0     7.05    0.00    0.00      0
          32             4    uint32    none       0     7.05    0.00    0.00      0     7.05    0.00    0.00      0
          64             8    uint32    none       0     7.05    0.01    0.00      0     7.05    0.01    0.00      0
         128            16    uint32    none       0     7.06    0.02    0.01      0     7.08    0.02    0.01      0
         256            32    uint32    none       0     7.05    0.04    0.02      0     7.05    0.04    0.02      0
         512            64    uint32    none       0     7.20    0.07    0.04      0     6.98    0.07    0.04      0
        1024           128    uint32    none       0     7.20    0.14    0.07      0     6.99    0.15    0.07      0
        2048           256    uint32    none       0     7.10    0.29    0.14      0     6.98    0.29    0.15      0
        4096           512    uint32    none       0     7.04    0.58    0.29      0     7.05    0.58    0.29      0
        8192          1024    uint32    none       0     7.35    1.12    0.56      0     7.36    1.11    0.56      0
       16384          2048    uint32    none       0     8.06    2.03    1.02      0     8.00    2.05    1.02      0
       32768          4096    uint32    none       0     9.16    3.58    1.79      0     9.35    3.51    1.75      0
       65536          8192    uint32    none       0     9.65    6.79    3.40      0     9.57    6.85    3.43      0
      131072         16384    uint32    none       0    10.42   12.58    6.29      0    10.29   12.74    6.37      0
      262144         32768    uint32    none       0    10.31   25.43   12.72      0    10.28   25.51   12.76      0
      524288         65536    uint32    none       0    10.75   48.77   24.39      0    10.48   50.02   25.01      0
     1048576        131072    uint32    none       0    10.97   95.58   47.79      0    10.90   96.20   48.10      0
     2097152        262144    uint32    none       0    11.66  179.82   89.91      0    11.63  180.40   90.20      0
     4194304        524288    uint32    none       0    15.15  276.93  138.46      0    15.06  278.56  139.28      0
     8388608       1048576    uint32    none       0    21.10  397.48  198.74      0    21.25  394.73  197.36      0
    16777216       2097152    uint32    none       0    32.78  511.74  255.87      0    32.85  510.73  255.36      0
    33554432       4194304    uint32    none       0    56.21  596.93  298.47      0    56.21  596.94  298.47      0
    67108864       8388608    uint32    none       0    102.3  655.69  327.85      0    102.1  656.98  328.49      0
   134217728      16777216    uint32    none       0    193.5  693.74  346.87      0    193.3  694.48  347.24      0
           0             0     int64    none       0     0.04    0.00    0.00      0     0.04    0.00    0.00      0
          16             1     int64    none       0     7.11    0.00    0.00      0     7.06    0.00    0.00      0
          32             2     int64    none       0     7.05    0.00    0.00      0     7.04    0.00    0.00      0
          64             4     int64    none       0     7.06    0.01    0.00      0     7.05    0.01    0.00      0
         128             8     int64    none       0     7.05    0.02    0.01      0     7.06    0.02    0.01      0
         256            16     int64    none       0     7.05    0.04    0.02      0     7.05    0.04    0.02      0
         512            32     int64    none       0     7.29    0.07    0.04      0     6.99    0.07    0.04      0
        1024            64     int64    none       0     7.20    0.14    0.07      0     7.05    0.15    0.07      0
        2048           128     int64    none       0     7.11    0.29    0.14      0     6.99    0.29    0.15      0
        4096           256     int64    none       0     7.06    0.58    0.29      0     7.06    0.58    0.29      0
        8192           512     int64    none       0     7.35    1.12    0.56      0     7.34    1.12    0.56      0
       16384          1024     int64    none       0     8.01    2.05    1.02      0     8.25    1.99    0.99      0
       32768          2048     int64    none       0     9.11    3.60    1.80      0     9.33    3.51    1.76      0
       65536          4096     int64    none       0     9.70    6.76    3.38      0     9.54    6.87    3.43      0
      131072          8192     int64    none       0    10.42   12.58    6.29      0    10.27   12.76    6.38      0
      262144         16384     int64    none       0    10.30   25.45   12.72      0    10.26   25.54   12.77      0
      524288         32768     int64    none       0    10.80   48.53   24.27      0    10.51   49.89   24.94      0
     1048576         65536     int64    none       0    10.98   95.48   47.74      0    10.87   96.47   48.23      0
     2097152        131072     int64    none       0    11.69  179.37   89.68      0    11.55  181.52   90.76      0
     4194304        262144     int64    none       0    15.14  276.95  138.48      0    15.06  278.47  139.23      0
     8388608        524288     int64    none       0    21.21  395.52  197.76      0    21.21  395.52  197.76      0
    16777216       1048576     int64    none       0    32.97  508.90  254.45      0    32.98  508.66  254.33      0
    33554432       2097152     int64    none       0    56.40  594.95  297.48      0    56.36  595.32  297.66      0
    67108864       4194304     int64    none       0    102.6  654.28  327.14      0    102.4  655.12  327.56      0
   134217728       8388608     int64    none       0    193.8  692.59  346.29      0    193.7  692.89  346.45      0
           0             0    uint64    none       0     0.05    0.00    0.00      0     0.04    0.00    0.00      0
          16             1    uint64    none       0     7.05    0.00    0.00      0     7.05    0.00    0.00      0
          32             2    uint64    none       0     7.05    0.00    0.00      0     7.06    0.00    0.00      0
          64             4    uint64    none       0     7.05    0.01    0.00      0     7.06    0.01    0.00      0
         128             8    uint64    none       0     7.05    0.02    0.01      0     7.05    0.02    0.01      0
         256            16    uint64    none       0     7.04    0.04    0.02      0     7.06    0.04    0.02      0
         512            32    uint64    none       0     7.24    0.07    0.04      0     6.98    0.07    0.04      0
        1024            64    uint64    none       0     7.20    0.14    0.07      0     6.97    0.15    0.07      0
        2048           128    uint64    none       0     7.08    0.29    0.14      0     6.99    0.29    0.15      0
        4096           256    uint64    none       0     7.05    0.58    0.29      0     7.05    0.58    0.29      0
        8192           512    uint64    none       0     7.34    1.12    0.56      0     7.35    1.11    0.56      0
       16384          1024    uint64    none       0     8.00    2.05    1.02      0     8.01    2.05    1.02      0
       32768          2048    uint64    none       0     9.17    3.57    1.79      0     9.36    3.50    1.75      0
       65536          4096    uint64    none       0     9.64    6.80    3.40      0     9.56    6.86    3.43      0
      131072          8192    uint64    none       0    10.42   12.57    6.29      0    10.28   12.75    6.37      0
      262144         16384    uint64    none       0    10.30   25.46   12.73      0    10.28   25.51   12.76      0
      524288         32768    uint64    none       0    10.78   48.64   24.32      0    10.50   49.92   24.96      0
     1048576         65536    uint64    none       0    10.99   95.40   47.70      0    10.90   96.16   48.08      0
     2097152        131072    uint64    none       0    11.65  180.07   90.03      0    11.61  180.62   90.31      0
     4194304        262144    uint64    none       0    15.16  276.60  138.30      0    15.08  278.06  139.03      0
     8388608        524288    uint64    none       0    21.17  396.31  198.16      0    21.25  394.73  197.36      0
    16777216       1048576    uint64    none       0    32.78  511.87  255.93      0    32.83  510.97  255.49      0
    33554432       2097152    uint64    none       0    56.17  597.40  298.70      0    56.19  597.11  298.56      0
    67108864       4194304    uint64    none       0    102.3  655.71  327.86      0    102.3  655.74  327.87      0
   134217728       8388608    uint64    none       0    193.5  693.55  346.78      0    193.3  694.39  347.19      0
           8             2      half    none       0     7.03    0.00    0.00      0     7.05    0.00    0.00      0
          16             4      half    none       0     7.05    0.00    0.00      0     7.05    0.00    0.00      0
          32             8      half    none       0     7.05    0.00    0.00      0     7.06    0.00    0.00      0
          64            16      half    none       0     7.05    0.01    0.00      0     7.05    0.01    0.00      0
         128            32      half    none       0     7.05    0.02    0.01      0     7.13    0.02    0.01      0
         256            64      half    none       0     7.06    0.04    0.02      0     7.05    0.04    0.02      0
         512           128      half    none       0     7.24    0.07    0.04      0     6.99    0.07    0.04      0
        1024           256      half    none       0     7.21    0.14    0.07      0     6.99    0.15    0.07      0
        2048           512      half    none       0     7.10    0.29    0.14      0     6.99    0.29    0.15      0
        4096          1024      half    none       0     7.05    0.58    0.29      0     7.05    0.58    0.29      0
        8192          2048      half    none       0     7.35    1.12    0.56      0     7.36    1.11    0.56      0
       16384          4096      half    none       0     8.06    2.03    1.02      0     8.01    2.04    1.02      0
       32768          8192      half    none       0     9.15    3.58    1.79      0     9.36    3.50    1.75      0
       65536         16384      half    none       0     9.65    6.79    3.40      0     9.55    6.87    3.43      0
      131072         32768      half    none       0    10.43   12.57    6.29      0    10.32   12.70    6.35      0
      262144         65536      half    none       0    10.29   25.46   12.73      0    10.26   25.54   12.77      0
      524288        131072      half    none       0    10.79   48.59   24.29      0    10.46   50.14   25.07      0
     1048576        262144      half    none       0    10.97   95.56   47.78      0    10.85   96.60   48.30      0
     2097152        524288      half    none       0    11.66  179.83   89.92      0    11.57  181.32   90.66      0
     4194304       1048576      half    none       0    15.12  277.47  138.73      0    15.15  276.90  138.45      0
     8388608       2097152      half    none       0    21.25  394.67  197.33      0    21.23  395.22  197.61      0
    16777216       4194304      half    none       0    32.95  509.15  254.58      0    32.99  508.57  254.29      0
    33554432       8388608      half    none       0    56.43  594.66  297.33      0    56.37  595.22  297.61      0
    67108864      16777216      half    none       0    102.6  654.28  327.14      0    102.5  654.96  327.48      0
   134217728      33554432      half    none       0    193.9  692.37  346.18      0    193.9  692.38  346.19      0
           8             1     float    none       0     7.05    0.00    0.00      0     7.04    0.00    0.00      0
          16             2     float    none       0     7.05    0.00    0.00      0     7.05    0.00    0.00      0
          32             4     float    none       0     7.05    0.00    0.00      0     7.06    0.00    0.00      0
          64             8     float    none       0     7.05    0.01    0.00      0     7.05    0.01    0.00      0
         128            16     float    none       0     7.05    0.02    0.01      0     7.06    0.02    0.01      0
         256            32     float    none       0     7.11    0.04    0.02      0     7.04    0.04    0.02      0
         512            64     float    none       0     7.20    0.07    0.04      0     6.98    0.07    0.04      0
        1024           128     float    none       0     7.20    0.14    0.07      0     6.98    0.15    0.07      0
        2048           256     float    none       0     7.09    0.29    0.14      0     6.98    0.29    0.15      0
        4096           512     float    none       0     7.05    0.58    0.29      0     7.05    0.58    0.29      0
        8192          1024     float    none       0     7.34    1.12    0.56      0     7.36    1.11    0.56      0
       16384          2048     float    none       0     8.01    2.05    1.02      0     8.05    2.04    1.02      0
       32768          4096     float    none       0     9.12    3.59    1.80      0     9.36    3.50    1.75      0
       65536          8192     float    none       0     9.64    6.80    3.40      0     9.54    6.87    3.43      0
      131072         16384     float    none       0    10.43   12.57    6.28      0    10.29   12.74    6.37      0
      262144         32768     float    none       0    10.39   25.23   12.61      0    10.28   25.49   12.75      0
      524288         65536     float    none       0    10.76   48.71   24.35      0    10.50   49.94   24.97      0
     1048576        131072     float    none       0    10.98   95.49   47.74      0    10.86   96.57   48.28      0
     2097152        262144     float    none       0    11.62  180.43   90.22      0    11.66  179.86   89.93      0
     4194304        524288     float    none       0    15.12  277.43  138.72      0    15.06  278.50  139.25      0
     8388608       1048576     float    none       0    21.15  396.70  198.35      0    21.27  394.42  197.21      0
    16777216       2097152     float    none       0    32.82  511.27  255.63      0    32.85  510.71  255.35      0
    33554432       4194304     float    none       0    56.23  596.72  298.36      0    56.23  596.74  298.37      0
    67108864       8388608     float    none       0    102.3  655.88  327.94      0    102.2  656.52  328.26      0
   134217728      16777216     float    none       0    193.4  694.03  347.01      0    193.3  694.38  347.19      0
           0             0    double    none       0     0.05    0.00    0.00      0     0.04    0.00    0.00      0
          16             1    double    none       0     7.06    0.00    0.00      0     7.06    0.00    0.00      0
          32             2    double    none       0     7.04    0.00    0.00      0     7.06    0.00    0.00      0
          64             4    double    none       0     7.05    0.01    0.00      0     7.06    0.01    0.00      0
         128             8    double    none       0     7.06    0.02    0.01      0     7.06    0.02    0.01      0
         256            16    double    none       0     7.09    0.04    0.02      0     7.06    0.04    0.02      0
         512            32    double    none       0     7.30    0.07    0.04      0     6.98    0.07    0.04      0
        1024            64    double    none       0     7.20    0.14    0.07      0     6.97    0.15    0.07      0
        2048           128    double    none       0     7.05    0.29    0.15      0     6.99    0.29    0.15      0
        4096           256    double    none       0     7.05    0.58    0.29      0     7.06    0.58    0.29      0
        8192           512    double    none       0     7.34    1.12    0.56      0     7.35    1.11    0.56      0
       16384          1024    double    none       0     8.01    2.05    1.02      0     8.06    2.03    1.02      0
       32768          2048    double    none       0     9.11    3.60    1.80      0     9.35    3.51    1.75      0
       65536          4096    double    none       0     9.65    6.79    3.39      0     9.56    6.86    3.43      0
      131072          8192    double    none       0    10.41   12.59    6.29      0    10.29   12.73    6.37      0
      262144         16384    double    none       0    10.29   25.47   12.73      0    10.28   25.51   12.75      0
      524288         32768    double    none       0    10.79   48.59   24.30      0    10.53   49.79   24.90      0
     1048576         65536    double    none       0    10.98   95.51   47.75      0    10.85   96.67   48.34      0
     2097152        131072    double    none       0    11.67  179.78   89.89      0    11.55  181.54   90.77      0
     4194304        262144    double    none       0    15.13  277.22  138.61      0    15.05  278.77  139.38      0
     8388608        524288    double    none       0    21.23  395.04  197.52      0    21.21  395.41  197.71      0
    16777216       1048576    double    none       0    32.93  509.44  254.72      0    32.99  508.56  254.28      0
    33554432       2097152    double    none       0    56.47  594.23  297.11      0    56.35  595.48  297.74      0
    67108864       4194304    double    none       0    102.5  654.60  327.30      0    102.6  654.00  327.00      0
   134217728       8388608    double    none       0    194.1  691.38  345.69      0    193.9  692.32  346.16      0
           8             2  bfloat16    none       0     7.04    0.00    0.00      0     7.04    0.00    0.00      0
          16             4  bfloat16    none       0     7.04    0.00    0.00      0     7.05    0.00    0.00      0
          32             8  bfloat16    none       0     7.05    0.00    0.00      0     7.05    0.00    0.00      0
          64            16  bfloat16    none       0     7.10    0.01    0.00      0     7.05    0.01    0.00      0
         128            32  bfloat16    none       0     7.05    0.02    0.01      0     7.06    0.02    0.01      0
         256            64  bfloat16    none       0     7.04    0.04    0.02      0     7.05    0.04    0.02      0
         512           128  bfloat16    none       0     7.20    0.07    0.04      0     6.97    0.07    0.04      0
        1024           256  bfloat16    none       0     7.21    0.14    0.07      0     7.00    0.15    0.07      0
        2048           512  bfloat16    none       0     7.10    0.29    0.14      0     6.99    0.29    0.15      0
        4096          1024  bfloat16    none       0     7.05    0.58    0.29      0     7.09    0.58    0.29      0
        8192          2048  bfloat16    none       0     7.35    1.11    0.56      0     7.36    1.11    0.56      0
       16384          4096  bfloat16    none       0     8.01    2.05    1.02      0     8.03    2.04    1.02      0
       32768          8192  bfloat16    none       0     9.16    3.58    1.79      0     9.36    3.50    1.75      0
       65536         16384  bfloat16    none       0     9.64    6.80    3.40      0     9.57    6.85    3.42      0
      131072         32768  bfloat16    none       0    10.43   12.56    6.28      0    10.28   12.75    6.37      0
      262144         65536  bfloat16    none       0    10.30   25.45   12.73      0    10.30   25.44   12.72      0
      524288        131072  bfloat16    none       0    10.77   48.66   24.33      0    10.51   49.90   24.95      0
     1048576        262144  bfloat16    none       0    10.97   95.60   47.80      0    10.89   96.29   48.14      0
     2097152        524288  bfloat16    none       0    11.68  179.55   89.78      0    11.62  180.44   90.22      0
     4194304       1048576  bfloat16    none       0    15.15  276.83  138.42      0    15.05  278.71  139.35      0
     8388608       2097152  bfloat16    none       0    21.10  397.50  198.75      0    21.24  394.99  197.50      0
    16777216       4194304  bfloat16    none       0    32.82  511.15  255.58      0    32.83  511.00  255.50      0
    33554432       8388608  bfloat16    none       0    56.23  596.71  298.35      0    56.17  597.37  298.68      0
    67108864      16777216  bfloat16    none       0    102.3  656.11  328.06      0    102.2  656.44  328.22      0
   134217728      33554432  bfloat16    none       0    193.4  693.84  346.92      0    193.3  694.35  347.17      0
# Out of bounds values : 0 OK
# Avg bus bandwidth    : 70.1145 
#

