# nThread 1 nGpus 1 minBytes 8 maxBytes 134217728 step: 2(factor) warmup iters: 100 iters: 1000 agg iters: 1 validation: 1 graph: 0
#
# Using devices
#  Rank  0 Group  0 Pid  31913 on   bjys1148 device  0 [0x2a] NVIDIA H20
#  Rank  1 Group  0 Pid  31914 on   bjys1148 device  1 [0x3a] NVIDIA H20
#  Rank  2 Group  0 Pid  31915 on   bjys1148 device  2 [0x4c] NVIDIA H20
#  Rank  3 Group  0 Pid  31916 on   bjys1148 device  3 [0x5c] NVIDIA H20
#
#                                                              out-of-place                       in-place          
#       size         count      type   redop    root     time   algbw   busbw #wrong     time   algbw   busbw #wrong
#        (B)    (elements)                               (us)  (GB/s)  (GB/s)            (us)  (GB/s)  (GB/s)       
           0             0      int8              -1    13.71    0.00    0.00      0    13.74    0.00    0.00      0
          16             4      int8              -1    18.28    0.00    0.00      0    15.64    0.00    0.00      0
          32             8      int8              -1    17.95    0.00    0.00      0    15.65    0.00    0.00      0
          64            16      int8              -1    18.09    0.00    0.00      0    15.66    0.00    0.00      0
         128            32      int8              -1    18.00    0.01    0.01      0    15.67    0.01    0.01      0
         256            64      int8              -1    18.02    0.01    0.01      0    15.72    0.01    0.01      0
         512           128      int8              -1    18.31    0.02    0.02      0    15.65    0.02    0.02      0
        1024           256      int8              -1    18.14    0.04    0.04      0    15.61    0.05    0.05      0
        2048           512      int8              -1    18.11    0.08    0.08      0    15.69    0.10    0.10      0
        4096          1024      int8              -1    18.26    0.17    0.17      0    15.83    0.19    0.19      0
        8192          2048      int8              -1    18.88    0.33    0.33      0    16.36    0.38    0.38      0
       16384          4096      int8              -1    19.88    0.62    0.62      0    17.33    0.71    0.71      0
       32768          8192      int8              -1    21.99    1.12    1.12      0    19.65    1.25    1.25      0
       65536         16384      int8              -1    24.35    2.02    2.02      0    23.08    2.13    2.13      0
      131072         32768      int8              -1    28.32    3.47    3.47      0    25.79    3.81    3.81      0
      262144         65536      int8              -1    30.50    6.45    6.45      0    28.07    7.00    7.00      0
      524288        131072      int8              -1    31.17   12.61   12.61      0    28.84   13.63   13.63      0
     1048576        262144      int8              -1    31.86   24.68   24.68      0    29.79   26.40   26.40      0
     2097152        524288      int8              -1    36.21   43.43   43.43      0    33.37   47.13   47.13      0
     4194304       1048576      int8              -1    48.21   65.25   65.25      0    43.46   72.37   72.37      0
     8388608       2097152      int8              -1    67.74   92.88   92.88      0    62.51  100.65  100.65      0
    16777216       4194304      int8              -1    105.8  118.90  118.90      0    98.23  128.10  128.10      0
    33554432       8388608      int8              -1    173.8  144.78  144.78      0    164.9  152.63  152.63      0
    67108864      16777216      int8              -1    325.5  154.63  154.63      0    307.4  163.76  163.76      0
   134217728      33554432      int8              -1    607.3  165.74  165.74      0    571.8  176.04  176.04      0
           0             0     uint8              -1    14.06    0.00    0.00      0    14.06    0.00    0.00      0
          16             4     uint8              -1    17.98    0.00    0.00      0    15.64    0.00    0.00      0
          32             8     uint8              -1    17.96    0.00    0.00      0    15.64    0.00    0.00      0
          64            16     uint8              -1    18.07    0.00    0.00      0    15.65    0.00    0.00      0
         128            32     uint8              -1    18.00    0.01    0.01      0    15.66    0.01    0.01      0
         256            64     uint8              -1    18.03    0.01    0.01      0    15.69    0.01    0.01      0
         512           128     uint8              -1    18.30    0.02    0.02      0    15.65    0.02    0.02      0
        1024           256     uint8              -1    18.12    0.04    0.04      0    15.59    0.05    0.05      0
        2048           512     uint8              -1    18.12    0.08    0.08      0    15.66    0.10    0.10      0
        4096          1024     uint8              -1    18.27    0.17    0.17      0    15.83    0.19    0.19      0
        8192          2048     uint8              -1    18.87    0.33    0.33      0    16.37    0.38    0.38      0
       16384          4096     uint8              -1    19.86    0.62    0.62      0    17.33    0.71    0.71      0
       32768          8192     uint8              -1    22.00    1.12    1.12      0    19.67    1.25    1.25      0
       65536         16384     uint8              -1    24.34    2.02    2.02      0    23.12    2.13    2.13      0
      131072         32768     uint8              -1    28.50    3.45    3.45      0    25.76    3.82    3.82      0
      262144         65536     uint8              -1    30.59    6.43    6.43      0    28.10    7.00    7.00      0
      524288        131072     uint8              -1    31.23   12.59   12.59      0    28.76   13.67   13.67      0
     1048576        262144     uint8              -1    31.91   24.64   24.64      0    29.74   26.45   26.45      0
     2097152        524288     uint8              -1    36.60   42.97   42.97      0    33.39   47.10   47.10      0
     4194304       1048576     uint8              -1    48.31   65.12   65.12      0    44.33   70.96   70.96      0
     8388608       2097152     uint8              -1    68.00   92.52   92.52      0    62.43  100.78  100.78      0
    16777216       4194304     uint8              -1    105.7  119.07  119.07      0    98.13  128.22  128.22      0
    33554432       8388608     uint8              -1    174.0  144.64  144.64      0    164.0  153.49  153.49      0
    67108864      16777216     uint8              -1    325.2  154.77  154.77      0    308.4  163.22  163.22      0
   134217728      33554432     uint8              -1    607.2  165.79  165.79      0    572.4  175.88  175.88      0
           0             0     int32              -1    14.07    0.00    0.00      0    14.06    0.00    0.00      0
           0             0     int32              -1    14.07    0.00    0.00      0    14.06    0.00    0.00      0
           0             0     int32              -1    14.07    0.00    0.00      0    14.06    0.00    0.00      0
          64             4     int32              -1    19.08    0.00    0.00      0    15.63    0.00    0.00      0
         128             8     int32              -1    17.99    0.01    0.01      0    15.67    0.01    0.01      0
         256            16     int32              -1    18.04    0.01    0.01      0    15.70    0.01    0.01      0
         512            32     int32              -1    18.25    0.02    0.02      0    15.64    0.02    0.02      0
        1024            64     int32              -1    18.07    0.04    0.04      0    15.59    0.05    0.05      0
        2048           128     int32              -1    18.10    0.08    0.08      0    15.69    0.10    0.10      0
        4096           256     int32              -1    18.26    0.17    0.17      0    15.82    0.19    0.19      0
        8192           512     int32              -1    18.87    0.33    0.33      0    16.36    0.38    0.38      0
       16384          1024     int32              -1    19.87    0.62    0.62      0    17.35    0.71    0.71      0
       32768          2048     int32              -1    21.97    1.12    1.12      0    19.66    1.25    1.25      0
       65536          4096     int32              -1    24.34    2.02    2.02      0    23.18    2.12    2.12      0
      131072          8192     int32              -1    28.30    3.47    3.47      0    25.73    3.82    3.82      0
      262144         16384     int32              -1    30.56    6.43    6.43      0    28.06    7.01    7.01      0
      524288         32768     int32              -1    31.28   12.57   12.57      0    28.83   13.64   13.64      0
     1048576         65536     int32              -1    32.02   24.56   24.56      0    29.61   26.56   26.56      0
     2097152        131072     int32              -1    36.65   42.92   42.92      0    33.39   47.10   47.10      0
     4194304        262144     int32              -1    48.60   64.72   64.72      0    43.30   72.65   72.65      0
     8388608        524288     int32              -1    68.14   92.33   92.33      0    62.78  100.22  100.22      0
    16777216       1048576     int32              -1    105.8  118.92  118.92      0    98.22  128.11  128.11      0
    33554432       2097152     int32              -1    173.9  144.73  144.73      0    173.6  144.93  144.93      0
    67108864       4194304     int32              -1    325.5  154.62  154.62      0    307.2  163.84  163.84      0
   134217728       8388608     int32              -1    607.4  165.73  165.73      0    571.8  176.05  176.05      0
           0             0    uint32              -1    14.06    0.00    0.00      0    14.07    0.00    0.00      0
           0             0    uint32              -1    14.05    0.00    0.00      0    14.06    0.00    0.00      0
           0             0    uint32              -1    14.05    0.00    0.00      0    14.09    0.00    0.00      0
          64             4    uint32              -1    19.06    0.00    0.00      0    15.65    0.00    0.00      0
         128             8    uint32              -1    17.98    0.01    0.01      0    15.67    0.01    0.01      0
         256            16    uint32              -1    18.02    0.01    0.01      0    15.73    0.01    0.01      0
         512            32    uint32              -1    18.30    0.02    0.02      0    15.64    0.02    0.02      0
        1024            64    uint32              -1    18.13    0.04    0.04      0    15.58    0.05    0.05      0
        2048           128    uint32              -1    18.12    0.08    0.08      0    15.69    0.10    0.10      0
        4096           256    uint32              -1    18.27    0.17    0.17      0    15.81    0.19    0.19      0
        8192           512    uint32              -1    18.87    0.33    0.33      0    16.35    0.38    0.38      0
       16384          1024    uint32              -1    19.89    0.62    0.62      0    17.35    0.71    0.71      0
       32768          2048    uint32              -1    21.96    1.12    1.12      0    19.65    1.25    1.25      0
       65536          4096    uint32              -1    24.35    2.02    2.02      0    23.19    2.12    2.12      0
      131072          8192    uint32              -1    28.39    3.46    3.46      0    25.72    3.82    3.82      0
      262144         16384    uint32              -1    30.58    6.43    6.43      0    28.12    6.99    6.99      0
      524288         32768    uint32              -1    31.15   12.62   12.62      0    28.85   13.63   13.63      0
     1048576         65536    uint32              -1    31.93   24.63   24.63      0    29.67   26.51   26.51      0
     2097152        131072    uint32              -1    36.57   43.01   43.01      0    33.42   47.06   47.06      0
     4194304        262144    uint32              -1    48.38   65.03   65.03      0    43.73   71.94   71.94      0
     8388608        524288    uint32              -1    67.98   92.54   92.54      0    62.33  100.94  100.94      0
    16777216       1048576    uint32              -1    105.7  119.04  119.04      0    97.99  128.41  128.41      0
    33554432       2097152    uint32              -1    174.1  144.55  144.55      0    163.5  153.93  153.93      0
    67108864       4194304    uint32              -1    325.4  154.68  154.68      0    308.7  163.02  163.02      0
   134217728       8388608    uint32              -1    607.2  165.79  165.79      0    572.2  175.91  175.91      0
           0             0     int64              -1    14.06    0.00    0.00      0    14.06    0.00    0.00      0
           0             0     int64              -1    14.05    0.00    0.00      0    14.06    0.00    0.00      0
           0             0     int64              -1    14.06    0.00    0.00      0    14.06    0.00    0.00      0
           0             0     int64              -1    14.08    0.00    0.00      0    14.05    0.00    0.00      0
         128             4     int64              -1    18.94    0.01    0.01      0    15.66    0.01    0.01      0
         256             8     int64              -1    18.00    0.01    0.01      0    15.69    0.01    0.01      0
         512            16     int64              -1    18.37    0.02    0.02      0    15.64    0.02    0.02      0
        1024            32     int64              -1    18.14    0.04    0.04      0    15.59    0.05    0.05      0
        2048            64     int64              -1    18.11    0.08    0.08      0    15.68    0.10    0.10      0
        4096           128     int64              -1    18.28    0.17    0.17      0    15.81    0.19    0.19      0
        8192           256     int64              -1    18.88    0.33    0.33      0    16.36    0.38    0.38      0
       16384           512     int64              -1    19.85    0.62    0.62      0    17.36    0.71    0.71      0
       32768          1024     int64              -1    21.98    1.12    1.12      0    19.65    1.25    1.25      0
       65536          2048     int64              -1    24.33    2.02    2.02      0    23.12    2.13    2.13      0
      131072          4096     int64              -1    28.36    3.47    3.47      0    25.73    3.82    3.82      0
      262144          8192     int64              -1    30.52    6.44    6.44      0    28.24    6.96    6.96      0
      524288         16384     int64              -1    31.14   12.63   12.63      0    28.91   13.60   13.60      0
     1048576         32768     int64              -1    31.87   24.67   24.67      0    29.75   26.44   26.44      0
     2097152         65536     int64              -1    36.35   43.27   43.27      0    33.50   46.95   46.95      0
     4194304        131072     int64              -1    47.98   65.57   65.57      0    44.14   71.27   71.27      0
     8388608        262144     int64              -1    68.20   92.24   92.24      0    62.73  100.29  100.29      0
    16777216        524288     int64              -1    105.7  119.00  119.00      0    98.23  128.10  128.10      0
    33554432       1048576     int64              -1    181.8  138.45  138.45      0    163.4  154.02  154.02      0
    67108864       2097152     int64              -1    325.3  154.74  154.74      0    307.5  163.66  163.66      0
   134217728       4194304     int64              -1    607.4  165.74  165.74      0    571.1  176.28  176.28      0
           0             0    uint64              -1    14.07    0.00    0.00      0    14.06    0.00    0.00      0
           0             0    uint64              -1    14.09    0.00    0.00      0    14.05    0.00    0.00      0
           0             0    uint64              -1    14.06    0.00    0.00      0    14.05    0.00    0.00      0
           0             0    uint64              -1    14.05    0.00    0.00      0    14.05    0.00    0.00      0
         128             4    uint64              -1    18.83    0.01    0.01      0    15.70    0.01    0.01      0
         256             8    uint64              -1    18.01    0.01    0.01      0    15.68    0.01    0.01      0
         512            16    uint64              -1    18.34    0.02    0.02      0    15.64    0.02    0.02      0
        1024            32    uint64              -1    18.16    0.04    0.04      0    15.61    0.05    0.05      0
        2048            64    uint64              -1    18.10    0.08    0.08      0    15.66    0.10    0.10      0
        4096           128    uint64              -1    18.26    0.17    0.17      0    15.82    0.19    0.19      0
        8192           256    uint64              -1    18.89    0.33    0.33      0    16.39    0.37    0.37      0
       16384           512    uint64              -1    19.86    0.62    0.62      0    17.33    0.71    0.71      0
       32768          1024    uint64              -1    21.99    1.12    1.12      0    19.68    1.25    1.25      0
       65536          2048    uint64              -1    24.34    2.02    2.02      0    23.12    2.13    2.13      0
      131072          4096    uint64              -1    28.45    3.46    3.46      0    25.82    3.81    3.81      0
      262144          8192    uint64              -1    30.63    6.42    6.42      0    28.15    6.98    6.98      0
      524288         16384    uint64              -1    31.22   12.59   12.59      0    28.83   13.64   13.64      0
     1048576         32768    uint64              -1    31.90   24.66   24.66      0    29.87   26.33   26.33      0
     2097152         65536    uint64              -1    36.36   43.26   43.26      0    33.43   47.04   47.04      0
     4194304        131072    uint64              -1    48.13   65.36   65.36      0    43.56   72.22   72.22      0
     8388608        262144    uint64              -1    67.61   93.06   93.06      0    62.82  100.14  100.14      0
    16777216        524288    uint64              -1    105.8  118.93  118.93      0    98.17  128.17  128.17      0
    33554432       1048576    uint64              -1    174.0  144.67  144.67      0    163.3  154.10  154.10      0
    67108864       2097152    uint64              -1    325.1  154.80  154.80      0    308.0  163.44  163.44      0
   134217728       4194304    uint64              -1    607.2  165.79  165.79      0    571.6  176.10  176.10      0
           0             0      half              -1    14.08    0.00    0.00      0    14.05    0.00    0.00      0
           0             0      half              -1    14.05    0.00    0.00      0    14.06    0.00    0.00      0
          32             4      half              -1    18.93    0.00    0.00      0    15.67    0.00    0.00      0
          64             8      half              -1    18.08    0.00    0.00      0    15.64    0.00    0.00      0
         128            16      half              -1    17.99    0.01    0.01      0    15.67    0.01    0.01      0
         256            32      half              -1    18.02    0.01    0.01      0    15.71    0.01    0.01      0
         512            64      half              -1    18.31    0.02    0.02      0    15.64    0.02    0.02      0
        1024           128      half              -1    18.13    0.04    0.04      0    15.60    0.05    0.05      0
        2048           256      half              -1    18.14    0.08    0.08      0    15.67    0.10    0.10      0
        4096           512      half              -1    18.28    0.17    0.17      0    15.81    0.19    0.19      0
        8192          1024      half              -1    18.86    0.33    0.33      0    16.36    0.38    0.38      0
       16384          2048      half              -1    19.87    0.62    0.62      0    17.34    0.71    0.71      0
       32768          4096      half              -1    21.97    1.12    1.12      0    19.65    1.25    1.25      0
       65536          8192      half              -1    24.37    2.02    2.02      0    23.12    2.13    2.13      0
      131072         16384      half              -1    28.24    3.48    3.48      0    25.77    3.81    3.81      0
      262144         32768      half              -1    30.44    6.46    6.46      0    28.06    7.01    7.01      0
      524288         65536      half              -1    31.48   12.49   12.49      0    28.86   13.62   13.62      0
     1048576        131072      half              -1    31.96   24.61   24.61      0    29.67   26.51   26.51      0
     2097152        262144      half              -1    36.39   43.22   43.22      0    33.82   46.51   46.51      0
     4194304        524288      half              -1    48.36   65.04   65.04      0    43.46   72.39   72.39      0
     8388608       1048576      half              -1    68.14   92.33   92.33      0    62.87  100.07  100.07      0
    16777216       2097152      half              -1    105.8  118.97  118.97      0    98.37  127.91  127.91      0
    33554432       4194304      half              -1    173.8  144.80  144.80      0    170.1  147.93  147.93      0
    67108864       8388608      half              -1    325.5  154.63  154.63      0    308.3  163.26  163.26      0
   134217728      16777216      half              -1    607.2  165.77  165.77      0    572.3  175.91  175.91      0
           0             0     float              -1    14.06    0.00    0.00      0    14.06    0.00    0.00      0
           0             0     float              -1    14.08    0.00    0.00      0    14.06    0.00    0.00      0
           0             0     float              -1    14.07    0.00    0.00      0    14.07    0.00    0.00      0
          64             4     float              -1    19.11    0.00    0.00      0    15.64    0.00    0.00      0
         128             8     float              -1    18.02    0.01    0.01      0    15.66    0.01    0.01      0
         256            16     float              -1    18.01    0.01    0.01      0    15.70    0.01    0.01      0
         512            32     float              -1    18.32    0.02    0.02      0    15.63    0.02    0.02      0
        1024            64     float              -1    18.14    0.04    0.04      0    15.60    0.05    0.05      0
        2048           128     float              -1    18.10    0.08    0.08      0    15.67    0.10    0.10      0
        4096           256     float              -1    18.26    0.17    0.17      0    15.82    0.19    0.19      0
        8192           512     float              -1    18.88    0.33    0.33      0    16.38    0.38    0.38      0
       16384          1024     float              -1    19.87    0.62    0.62      0    17.34    0.71    0.71      0
       32768          2048     float              -1    21.98    1.12    1.12      0    19.68    1.25    1.25      0
       65536          4096     float              -1    24.33    2.02    2.02      0    23.10    2.13    2.13      0
      131072          8192     float              -1    28.48    3.45    3.45      0    25.70    3.82    3.82      0
      262144         16384     float              -1    30.56    6.43    6.43      0    28.30    6.95    6.95      0
      524288         32768     float              -1    31.21   12.60   12.60      0    28.87   13.62   13.62      0
     1048576         65536     float              -1    31.90   24.66   24.66      0    29.70   26.48   26.48      0
     2097152        131072     float              -1    36.50   43.09   43.09      0    33.78   46.56   46.56      0
     4194304        262144     float              -1    47.97   65.57   65.57      0    43.52   72.28   72.28      0
     8388608        524288     float              -1    68.07   92.43   92.43      0    62.27  101.03  101.03      0
    16777216       1048576     float              -1    105.7  119.04  119.04      0    97.99  128.41  128.41      0
    33554432       2097152     float              -1    173.9  144.70  144.70      0    173.3  145.25  145.25      0
    67108864       4194304     float              -1    325.1  154.82  154.82      0    308.4  163.21  163.21      0
   134217728       8388608     float              -1    606.9  165.86  165.86      0    571.6  176.09  176.09      0
           0             0    double              -1    14.05    0.00    0.00      0    14.05    0.00    0.00      0
           0             0    double              -1    14.07    0.00    0.00      0    14.05    0.00    0.00      0
           0             0    double              -1    14.06    0.00    0.00      0    14.04    0.00    0.00      0
           0             0    double              -1    14.07    0.00    0.00      0    14.05    0.00    0.00      0
         128             4    double              -1    18.92    0.01    0.01      0    15.66    0.01    0.01      0
         256             8    double              -1    18.02    0.01    0.01      0    15.61    0.01    0.01      0
         512            16    double              -1    18.33    0.02    0.02      0    15.63    0.02    0.02      0
        1024            32    double              -1    18.16    0.04    0.04      0    15.60    0.05    0.05      0
        2048            64    double              -1    18.10    0.08    0.08      0    15.68    0.10    0.10      0
        4096           128    double              -1    18.26    0.17    0.17      0    15.83    0.19    0.19      0
        8192           256    double              -1    18.89    0.33    0.33      0    16.38    0.38    0.38      0
       16384           512    double              -1    19.87    0.62    0.62      0    17.34    0.71    0.71      0
       32768          1024    double              -1    21.98    1.12    1.12      0    19.68    1.25    1.25      0
       65536          2048    double              -1    24.35    2.02    2.02      0    23.11    2.13    2.13      0
      131072          4096    double              -1    28.38    3.46    3.46      0    26.09    3.77    3.77      0
      262144          8192    double              -1    30.68    6.41    6.41      0    28.15    6.98    6.98      0
      524288         16384    double              -1    31.23   12.59   12.59      0    29.14   13.49   13.49      0
     1048576         32768    double              -1    32.01   24.57   24.57      0    29.82   26.37   26.37      0
     2097152         65536    double              -1    36.37   43.25   43.25      0    33.42   47.06   47.06      0
     4194304        131072    double              -1    47.98   65.57   65.57      0    43.84   71.76   71.76      0
     8388608        262144    double              -1    67.61   93.06   93.06      0    62.42  100.80  100.80      0
    16777216        524288    double              -1    105.8  118.97  118.97      0    98.12  128.24  128.24      0
    33554432       1048576    double              -1    173.9  144.70  144.70      0    164.0  153.49  153.49      0
    67108864       2097152    double              -1    325.2  154.79  154.79      0    309.2  162.80  162.80      0
   134217728       4194304    double              -1    607.2  165.78  165.78      0    571.4  176.17  176.17      0
           0             0  bfloat16              -1    14.06    0.00    0.00      0    14.06    0.00    0.00      0
           0             0  bfloat16              -1    14.08    0.00    0.00      0    14.05    0.00    0.00      0
          32             4  bfloat16              -1    18.83    0.00    0.00      0    15.65    0.00    0.00      0
          64             8  bfloat16              -1    18.08    0.00    0.00      0    15.64    0.00    0.00      0
         128            16  bfloat16              -1    18.02    0.01    0.01      0    15.65    0.01    0.01      0
         256            32  bfloat16              -1    18.00    0.01    0.01      0    15.73    0.01    0.01      0
         512            64  bfloat16              -1    18.31    0.02    0.02      0    15.65    0.02    0.02      0
        1024           128  bfloat16              -1    18.14    0.04    0.04      0    15.60    0.05    0.05      0
        2048           256  bfloat16              -1    18.12    0.08    0.08      0    15.66    0.10    0.10      0
        4096           512  bfloat16              -1    18.28    0.17    0.17      0    15.81    0.19    0.19      0
        8192          1024  bfloat16              -1    18.87    0.33    0.33      0    16.36    0.38    0.38      0
       16384          2048  bfloat16              -1    19.88    0.62    0.62      0    17.33    0.71    0.71      0
       32768          4096  bfloat16              -1    21.96    1.12    1.12      0    19.65    1.25    1.25      0
       65536          8192  bfloat16              -1    24.36    2.02    2.02      0    23.11    2.13    2.13      0
      131072         16384  bfloat16              -1    28.40    3.46    3.46      0    25.90    3.80    3.80      0
      262144         32768  bfloat16              -1    30.89    6.36    6.36      0    28.20    6.97    6.97      0
      524288         65536  bfloat16              -1    31.22   12.60   12.60      0    28.83   13.64   13.64      0
     1048576        131072  bfloat16              -1    31.93   24.63   24.63      0    29.72   26.46   26.46      0
     2097152        262144  bfloat16              -1    36.37   43.25   43.25      0    33.74   46.62   46.62      0
     4194304        524288  bfloat16              -1    48.12   65.37   65.37      0    43.31   72.63   72.63      0
     8388608       1048576  bfloat16              -1    67.89   92.68   92.68      0    62.83  100.13  100.13      0
    16777216       2097152  bfloat16              -1    105.7  119.00  119.00      0    98.17  128.18  128.18      0
    33554432       4194304  bfloat16              -1    174.0  144.62  144.62      0    163.9  153.56  153.56      0
    67108864       8388608  bfloat16              -1    325.3  154.73  154.73      0    308.0  163.42  163.42      0
   134217728      16777216  bfloat16              -1    607.0  165.84  165.84      0    571.6  176.09  176.09      0
# Out of bounds values : 0 OK
# Avg bus bandwidth    : 34.6044 
#

