# nThread 1 nGpus 1 minBytes 8 maxBytes 134217728 step: 2(factor) warmup iters: 100 iters: 1000 agg iters: 1 validation: 1 graph: 0
#
# Using devices
#  Rank  0 Group  0 Pid  32537 on   bjys1148 device  0 [0x2a] NVIDIA H20
#  Rank  1 Group  0 Pid  32538 on   bjys1148 device  1 [0x3a] NVIDIA H20
#  Rank  2 Group  0 Pid  32539 on   bjys1148 device  2 [0x4c] NVIDIA H20
#  Rank  3 Group  0 Pid  32540 on   bjys1148 device  3 [0x5c] NVIDIA H20
#
#                                                              out-of-place                       in-place          
#       size         count      type   redop    root     time   algbw   busbw #wrong     time   algbw   busbw #wrong
#        (B)    (elements)                               (us)  (GB/s)  (GB/s)            (us)  (GB/s)  (GB/s)       
           8             8      int8     sum       0     7.81    0.00    0.00      0     7.08    0.00    0.00      0
          16            16      int8     sum       0     7.21    0.00    0.00      0     7.22    0.00    0.00      0
          32            32      int8     sum       0     7.24    0.00    0.00      0     7.24    0.00    0.00      0
          64            64      int8     sum       0     7.29    0.01    0.01      0     7.30    0.01    0.01      0
         128           128      int8     sum       0     7.30    0.02    0.02      0     7.51    0.02    0.02      0
         256           256      int8     sum       0     7.65    0.03    0.03      0     7.29    0.04    0.04      0
         512           512      int8     sum       0     7.40    0.07    0.07      0     7.29    0.07    0.07      0
        1024          1024      int8     sum       0     8.00    0.13    0.13      0     7.83    0.13    0.13      0
        2048          2048      int8     sum       0     8.36    0.25    0.25      0     8.35    0.25    0.25      0
        4096          4096      int8     sum       0     8.93    0.46    0.46      0     8.94    0.46    0.46      0
        8192          8192      int8     sum       0     9.03    0.91    0.91      0     9.10    0.90    0.90      0
       16384         16384      int8     sum       0     9.43    1.74    1.74      0     9.50    1.73    1.73      0
       32768         32768      int8     sum       0     9.85    3.33    3.33      0     9.93    3.30    3.30      0
       65536         65536      int8     sum       0    10.17    6.44    6.44      0    10.22    6.41    6.41      0
      131072        131072      int8     sum       0    10.33   12.69   12.69      0    10.32   12.70   12.70      0
      262144        262144      int8     sum       0    10.44   25.10   25.10      0    10.43   25.14   25.14      0
      524288        524288      int8     sum       0    11.90   44.04   44.04      0    11.93   43.96   43.96      0
     1048576       1048576      int8     sum       0    16.54   63.41   63.41      0    16.50   63.55   63.55      0
     2097152       2097152      int8     sum       0    21.59   97.15   97.15      0    21.53   97.38   97.38      0
     4194304       4194304      int8     sum       0    28.45  147.42  147.42      0    28.60  146.64  146.64      0
     8388608       8388608      int8     sum       0    42.01  199.70  199.70      0    41.97  199.87  199.87      0
    16777216      16777216      int8     sum       0    67.91  247.06  247.06      0    67.80  247.45  247.45      0
    33554432      33554432      int8     sum       0    116.5  288.12  288.12      0    116.0  289.25  289.25      0
    67108864      67108864      int8     sum       0    210.1  319.48  319.48      0    210.6  318.64  318.64      0
   134217728     134217728      int8     sum       0    396.0  338.97  338.97      0    395.4  339.45  339.45      0
           8             8     uint8     sum       0     7.21    0.00    0.00      0     7.22    0.00    0.00      0
          16            16     uint8     sum       0     7.22    0.00    0.00      0     7.22    0.00    0.00      0
          32            32     uint8     sum       0     7.25    0.00    0.00      0     7.25    0.00    0.00      0
          64            64     uint8     sum       0     7.30    0.01    0.01      0     7.30    0.01    0.01      0
         128           128     uint8     sum       0     7.30    0.02    0.02      0     7.31    0.02    0.02      0
         256           256     uint8     sum       0     7.66    0.03    0.03      0     7.28    0.04    0.04      0
         512           512     uint8     sum       0     7.41    0.07    0.07      0     7.29    0.07    0.07      0
        1024          1024     uint8     sum       0     7.99    0.13    0.13      0     7.81    0.13    0.13      0
        2048          2048     uint8     sum       0     8.36    0.25    0.25      0     8.35    0.25    0.25      0
        4096          4096     uint8     sum       0     8.93    0.46    0.46      0     8.93    0.46    0.46      0
        8192          8192     uint8     sum       0     8.99    0.91    0.91      0     9.08    0.90    0.90      0
       16384         16384     uint8     sum       0     9.42    1.74    1.74      0     9.49    1.73    1.73      0
       32768         32768     uint8     sum       0     9.79    3.35    3.35      0     9.92    3.30    3.30      0
       65536         65536     uint8     sum       0    10.19    6.43    6.43      0    10.20    6.42    6.42      0
      131072        131072     uint8     sum       0    10.29   12.74   12.74      0    10.28   12.74   12.74      0
      262144        262144     uint8     sum       0    10.40   25.22   25.22      0    10.41   25.19   25.19      0
      524288        524288     uint8     sum       0    11.89   44.08   44.08      0    11.94   43.93   43.93      0
     1048576       1048576     uint8     sum       0    16.47   63.66   63.66      0    16.47   63.67   63.67      0
     2097152       2097152     uint8     sum       0    21.52   97.46   97.46      0    21.53   97.39   97.39      0
     4194304       4194304     uint8     sum       0    28.43  147.52  147.52      0    28.45  147.45  147.45      0
     8388608       8388608     uint8     sum       0    41.61  201.62  201.62      0    41.62  201.54  201.54      0
    16777216      16777216     uint8     sum       0    67.24  249.50  249.50      0    67.25  249.47  249.47      0
    33554432      33554432     uint8     sum       0    115.5  290.57  290.57      0    115.6  290.36  290.36      0
    67108864      67108864     uint8     sum       0    208.7  321.57  321.57      0    209.2  320.77  320.77      0
   134217728     134217728     uint8     sum       0    394.7  340.07  340.07      0    394.8  339.98  339.98      0
           8             2     int32     sum       0     7.25    0.00    0.00      0     7.24    0.00    0.00      0
          16             4     int32     sum       0     7.24    0.00    0.00      0     7.25    0.00    0.00      0
          32             8     int32     sum       0     7.27    0.00    0.00      0     7.27    0.00    0.00      0
          64            16     int32     sum       0     7.32    0.01    0.01      0     7.32    0.01    0.01      0
         128            32     int32     sum       0     7.32    0.02    0.02      0     7.32    0.02    0.02      0
         256            64     int32     sum       0     7.64    0.03    0.03      0     7.28    0.04    0.04      0
         512           128     int32     sum       0     7.40    0.07    0.07      0     7.28    0.07    0.07      0
        1024           256     int32     sum       0     7.92    0.13    0.13      0     7.81    0.13    0.13      0
        2048           512     int32     sum       0     8.34    0.25    0.25      0     8.34    0.25    0.25      0
        4096          1024     int32     sum       0     8.91    0.46    0.46      0     8.90    0.46    0.46      0
        8192          2048     int32     sum       0     9.07    0.90    0.90      0     9.06    0.90    0.90      0
       16384          4096     int32     sum       0     9.43    1.74    1.74      0     9.43    1.74    1.74      0
       32768          8192     int32     sum       0     9.73    3.37    3.37      0     9.87    3.32    3.32      0
       65536         16384     int32     sum       0    10.10    6.49    6.49      0    10.16    6.45    6.45      0
      131072         32768     int32     sum       0    10.24   12.80   12.80      0    10.25   12.79   12.79      0
      262144         65536     int32     sum       0    10.36   25.31   25.31      0    10.37   25.29   25.29      0
      524288        131072     int32     sum       0    11.84   44.27   44.27      0    11.79   44.48   44.48      0
     1048576        262144     int32     sum       0    15.96   65.72   65.72      0    16.00   65.52   65.52      0
     2097152        524288     int32     sum       0    19.88  105.50  105.50      0    19.85  105.64  105.64      0
     4194304       1048576     int32     sum       0    26.66  157.33  157.33      0    26.64  157.42  157.42      0
     8388608       2097152     int32     sum       0    39.16  214.23  214.23      0    38.97  215.28  215.28      0
    16777216       4194304     int32     sum       0    63.56  263.97  263.97      0    63.55  264.00  264.00      0
    33554432       8388608     int32     sum       0    110.6  303.28  303.28      0    110.9  302.43  302.43      0
    67108864      16777216     int32     sum       0    203.1  330.44  330.44      0    202.7  331.14  331.14      0
   134217728      33554432     int32     sum       0    385.2  348.39  348.39      0    384.7  348.85  348.85      0
           8             2    uint32     sum       0     7.24    0.00    0.00      0     7.24    0.00    0.00      0
          16             4    uint32     sum       0     7.24    0.00    0.00      0     7.24    0.00    0.00      0
          32             8    uint32     sum       0     7.27    0.00    0.00      0     7.27    0.00    0.00      0
          64            16    uint32     sum       0     7.32    0.01    0.01      0     7.33    0.01    0.01      0
         128            32    uint32     sum       0     7.32    0.02    0.02      0     7.32    0.02    0.02      0
         256            64    uint32     sum       0     7.64    0.03    0.03      0     7.27    0.04    0.04      0
         512           128    uint32     sum       0     7.40    0.07    0.07      0     7.28    0.07    0.07      0
        1024           256    uint32     sum       0     7.98    0.13    0.13      0     7.81    0.13    0.13      0
        2048           512    uint32     sum       0     8.34    0.25    0.25      0     8.34    0.25    0.25      0
        4096          1024    uint32     sum       0     8.90    0.46    0.46      0     8.90    0.46    0.46      0
        8192          2048    uint32     sum       0     9.07    0.90    0.90      0     9.07    0.90    0.90      0
       16384          4096    uint32     sum       0     9.43    1.74    1.74      0     9.43    1.74    1.74      0
       32768          8192    uint32     sum       0     9.74    3.36    3.36      0     9.88    3.32    3.32      0
       65536         16384    uint32     sum       0    10.09    6.49    6.49      0    10.16    6.45    6.45      0
      131072         32768    uint32     sum       0    10.25   12.79   12.79      0    10.24   12.80   12.80      0
      262144         65536    uint32     sum       0    10.37   25.29   25.29      0    10.37   25.29   25.29      0
      524288        131072    uint32     sum       0    11.80   44.43   44.43      0    11.86   44.19   44.19      0
     1048576        262144    uint32     sum       0    15.94   65.80   65.80      0    15.95   65.74   65.74      0
     2097152        524288    uint32     sum       0    19.94  105.17  105.17      0    19.91  105.32  105.32      0
     4194304       1048576    uint32     sum       0    26.46  158.49  158.49      0    26.42  158.78  158.78      0
     8388608       2097152    uint32     sum       0    38.79  216.28  216.28      0    38.70  216.75  216.75      0
    16777216       4194304    uint32     sum       0    63.14  265.70  265.70      0    63.21  265.44  265.44      0
    33554432       8388608    uint32     sum       0    110.5  303.66  303.66      0    110.4  304.00  304.00      0
    67108864      16777216    uint32     sum       0    202.1  332.07  332.07      0    202.3  331.72  331.72      0
   134217728      33554432    uint32     sum       0    383.7  349.81  349.81      0    383.3  350.13  350.13      0
           8             1     int64     sum       0     7.25    0.00    0.00      0     7.25    0.00    0.00      0
          16             2     int64     sum       0     7.24    0.00    0.00      0     7.25    0.00    0.00      0
          32             4     int64     sum       0     7.27    0.00    0.00      0     7.28    0.00    0.00      0
          64             8     int64     sum       0     7.32    0.01    0.01      0     7.34    0.01    0.01      0
         128            16     int64     sum       0     7.33    0.02    0.02      0     7.33    0.02    0.02      0
         256            32     int64     sum       0     7.65    0.03    0.03      0     7.28    0.04    0.04      0
         512            64     int64     sum       0     7.39    0.07    0.07      0     7.28    0.07    0.07      0
        1024           128     int64     sum       0     7.98    0.13    0.13      0     7.81    0.13    0.13      0
        2048           256     int64     sum       0     8.33    0.25    0.25      0     8.33    0.25    0.25      0
        4096           512     int64     sum       0     8.89    0.46    0.46      0     8.89    0.46    0.46      0
        8192          1024     int64     sum       0     9.05    0.91    0.91      0     9.05    0.91    0.91      0
       16384          2048     int64     sum       0     9.42    1.74    1.74      0     9.42    1.74    1.74      0
       32768          4096     int64     sum       0     9.72    3.37    3.37      0     9.87    3.32    3.32      0
       65536          8192     int64     sum       0    10.08    6.50    6.50      0    10.15    6.46    6.46      0
      131072         16384     int64     sum       0    10.24   12.80   12.80      0    10.28   12.75   12.75      0
      262144         32768     int64     sum       0    10.34   25.34   25.34      0    10.36   25.32   25.32      0
      524288         65536     int64     sum       0    11.78   44.49   44.49      0    11.77   44.56   44.56      0
     1048576        131072     int64     sum       0    15.90   65.97   65.97      0    15.91   65.92   65.92      0
     2097152        262144     int64     sum       0    20.00  104.86  104.86      0    20.00  104.85  104.85      0
     4194304        524288     int64     sum       0    26.84  156.27  156.27      0    26.91  155.87  155.87      0
     8388608       1048576     int64     sum       0    39.25  213.72  213.72      0    39.44  212.68  212.68      0
    16777216       2097152     int64     sum       0    64.11  261.71  261.71      0    64.24  261.16  261.16      0
    33554432       4194304     int64     sum       0    111.4  301.08  301.08      0    111.4  301.34  301.34      0
    67108864       8388608     int64     sum       0    203.8  329.28  329.28      0    203.2  330.25  330.25      0
   134217728      16777216     int64     sum       0    385.4  348.25  348.25      0    385.8  347.85  347.85      0
           8             1    uint64     sum       0     7.24    0.00    0.00      0     7.24    0.00    0.00      0
          16             2    uint64     sum       0     7.24    0.00    0.00      0     7.24    0.00    0.00      0
          32             4    uint64     sum       0     7.28    0.00    0.00      0     7.27    0.00    0.00      0
          64             8    uint64     sum       0     7.32    0.01    0.01      0     7.33    0.01    0.01      0
         128            16    uint64     sum       0     7.33    0.02    0.02      0     7.34    0.02    0.02      0
         256            32    uint64     sum       0     7.65    0.03    0.03      0     7.28    0.04    0.04      0
         512            64    uint64     sum       0     7.40    0.07    0.07      0     7.30    0.07    0.07      0
        1024           128    uint64     sum       0     7.98    0.13    0.13      0     7.81    0.13    0.13      0
        2048           256    uint64     sum       0     8.33    0.25    0.25      0     8.33    0.25    0.25      0
        4096           512    uint64     sum       0     8.89    0.46    0.46      0     8.89    0.46    0.46      0
        8192          1024    uint64     sum       0     8.95    0.92    0.92      0     9.06    0.90    0.90      0
       16384          2048    uint64     sum       0     9.35    1.75    1.75      0     9.42    1.74    1.74      0
       32768          4096    uint64     sum       0     9.72    3.37    3.37      0     9.87    3.32    3.32      0
       65536          8192    uint64     sum       0    10.08    6.50    6.50      0    10.14    6.47    6.47      0
      131072         16384    uint64     sum       0    10.28   12.76   12.76      0    10.23   12.81   12.81      0
      262144         32768    uint64     sum       0    10.36   25.31   25.31      0    10.35   25.32   25.32      0
      524288         65536    uint64     sum       0    11.79   44.47   44.47      0    11.82   44.34   44.34      0
     1048576        131072    uint64     sum       0    15.88   66.04   66.04      0    15.90   65.97   65.97      0
     2097152        262144    uint64     sum       0    20.00  104.87  104.87      0    20.02  104.77  104.77      0
     4194304        524288    uint64     sum       0    26.74  156.85  156.85      0    26.71  157.02  157.02      0
     8388608       1048576    uint64     sum       0    39.04  214.87  214.87      0    38.99  215.13  215.13      0
    16777216       2097152    uint64     sum       0    63.75  263.18  263.18      0    63.77  263.08  263.08      0
    33554432       4194304    uint64     sum       0    111.1  302.07  302.07      0    110.8  302.90  302.90      0
    67108864       8388608    uint64     sum       0    202.5  331.47  331.47      0    203.1  330.49  330.49      0
   134217728      16777216    uint64     sum       0    385.0  348.61  348.61      0    384.3  349.24  349.24      0
           8             4      half     sum       0     7.21    0.00    0.00      0     7.21    0.00    0.00      0
          16             8      half     sum       0     7.21    0.00    0.00      0     7.20    0.00    0.00      0
          32            16      half     sum       0     7.23    0.00    0.00      0     7.23    0.00    0.00      0
          64            32      half     sum       0     7.29    0.01    0.01      0     7.30    0.01    0.01      0
         128            64      half     sum       0     7.29    0.02    0.02      0     7.29    0.02    0.02      0
         256           128      half     sum       0     7.59    0.03    0.03      0     7.28    0.04    0.04      0
         512           256      half     sum       0     7.36    0.07    0.07      0     7.28    0.07    0.07      0
        1024           512      half     sum       0     7.98    0.13    0.13      0     7.80    0.13    0.13      0
        2048          1024      half     sum       0     8.33    0.25    0.25      0     8.35    0.25    0.25      0
        4096          2048      half     sum       0     8.91    0.46    0.46      0     8.91    0.46    0.46      0
        8192          4096      half     sum       0     9.00    0.91    0.91      0     9.07    0.90    0.90      0
       16384          8192      half     sum       0     9.40    1.74    1.74      0     9.47    1.73    1.73      0
       32768         16384      half     sum       0     9.76    3.36    3.36      0     9.91    3.31    3.31      0
       65536         32768      half     sum       0    10.12    6.48    6.48      0    10.22    6.41    6.41      0
      131072         65536      half     sum       0    10.27   12.76   12.76      0    10.27   12.76   12.76      0
      262144        131072      half     sum       0    10.39   25.24   25.24      0    10.40   25.21   25.21      0
      524288        262144      half     sum       0    11.82   44.36   44.36      0    11.81   44.41   44.41      0
     1048576        524288      half     sum       0    16.00   65.54   65.54      0    15.96   65.68   65.68      0
     2097152       1048576      half     sum       0    19.93  105.25  105.25      0    19.90  105.37  105.37      0
     4194304       2097152      half     sum       0    26.72  156.96  156.96      0    26.77  156.66  156.66      0
     8388608       4194304      half     sum       0    39.50  212.39  212.39      0    39.23  213.83  213.83      0
    16777216       8388608      half     sum       0    64.05  261.96  261.96      0    63.71  263.33  263.33      0
    33554432      16777216      half     sum       0    110.8  302.89  302.89      0    112.0  299.51  299.51      0
    67108864      33554432      half     sum       0    204.1  328.78  328.78      0    204.0  328.90  328.90      0
   134217728      67108864      half     sum       0    387.3  346.58  346.58      0    387.3  346.50  346.50      0
           8             2     float     sum       0     7.24    0.00    0.00      0     7.24    0.00    0.00      0
          16             4     float     sum       0     7.24    0.00    0.00      0     7.24    0.00    0.00      0
          32             8     float     sum       0     7.27    0.00    0.00      0     7.28    0.00    0.00      0
          64            16     float     sum       0     7.32    0.01    0.01      0     7.33    0.01    0.01      0
         128            32     float     sum       0     7.33    0.02    0.02      0     7.33    0.02    0.02      0
         256            64     float     sum       0     7.65    0.03    0.03      0     7.28    0.04    0.04      0
         512           128     float     sum       0     7.40    0.07    0.07      0     7.28    0.07    0.07      0
        1024           256     float     sum       0     7.98    0.13    0.13      0     7.81    0.13    0.13      0
        2048           512     float     sum       0     8.34    0.25    0.25      0     8.34    0.25    0.25      0
        4096          1024     float     sum       0     8.89    0.46    0.46      0     8.90    0.46    0.46      0
        8192          2048     float     sum       0     8.96    0.91    0.91      0     9.07    0.90    0.90      0
       16384          4096     float     sum       0     9.34    1.75    1.75      0     9.43    1.74    1.74      0
       32768          8192     float     sum       0     9.73    3.37    3.37      0     9.91    3.31    3.31      0
       65536         16384     float     sum       0    10.09    6.50    6.50      0    10.15    6.46    6.46      0
      131072         32768     float     sum       0    10.24   12.80   12.80      0    10.23   12.82   12.82      0
      262144         65536     float     sum       0    10.35   25.33   25.33      0    10.36   25.31   25.31      0
      524288        131072     float     sum       0    11.81   44.41   44.41      0    11.81   44.41   44.41      0
     1048576        262144     float     sum       0    15.95   65.72   65.72      0    15.93   65.81   65.81      0
     2097152        524288     float     sum       0    19.91  105.33  105.33      0    19.95  105.14  105.14      0
     4194304       1048576     float     sum       0    26.47  158.47  158.47      0    26.50  158.30  158.30      0
     8388608       2097152     float     sum       0    38.68  216.88  216.88      0    38.72  216.65  216.65      0
    16777216       4194304     float     sum       0    63.21  265.41  265.41      0    63.22  265.36  265.36      0
    33554432       8388608     float     sum       0    110.4  303.80  303.80      0    110.2  304.43  304.43      0
    67108864      16777216     float     sum       0    201.7  332.73  332.73      0    201.6  332.87  332.87      0
   134217728      33554432     float     sum       0    384.1  349.42  349.42      0    383.6  349.93  349.93      0
           8             1    double     sum       0     7.25    0.00    0.00      0     7.26    0.00    0.00      0
          16             2    double     sum       0     7.26    0.00    0.00      0     7.25    0.00    0.00      0
          32             4    double     sum       0     7.28    0.00    0.00      0     7.29    0.00    0.00      0
          64             8    double     sum       0     7.33    0.01    0.01      0     7.33    0.01    0.01      0
         128            16    double     sum       0     7.33    0.02    0.02      0     7.34    0.02    0.02      0
         256            32    double     sum       0     7.66    0.03    0.03      0     7.29    0.04    0.04      0
         512            64    double     sum       0     7.41    0.07    0.07      0     7.29    0.07    0.07      0
        1024           128    double     sum       0     7.98    0.13    0.13      0     7.82    0.13    0.13      0
        2048           256    double     sum       0     8.34    0.25    0.25      0     8.35    0.25    0.25      0
        4096           512    double     sum       0     8.91    0.46    0.46      0     8.90    0.46    0.46      0
        8192          1024    double     sum       0     9.07    0.90    0.90      0     9.06    0.90    0.90      0
       16384          2048    double     sum       0     9.37    1.75    1.75      0     9.37    1.75    1.75      0
       32768          4096    double     sum       0     9.69    3.38    3.38      0     9.82    3.34    3.34      0
       65536          8192    double     sum       0    10.05    6.52    6.52      0    10.11    6.49    6.49      0
      131072         16384    double     sum       0    10.20   12.85   12.85      0    10.24   12.80   12.80      0
      262144         32768    double     sum       0    10.32   25.40   25.40      0    10.34   25.35   25.35      0
      524288         65536    double     sum       0    11.75   44.61   44.61      0    11.75   44.62   44.62      0
     1048576        131072    double     sum       0    15.87   66.08   66.08      0    15.88   66.02   66.02      0
     2097152        262144    double     sum       0    20.62  101.71  101.71      0    20.58  101.90  101.90      0
     4194304        524288    double     sum       0    27.03  155.16  155.16      0    27.06  154.99  154.99      0
     8388608       1048576    double     sum       0    40.14  208.96  208.96      0    40.12  209.10  209.10      0
    16777216       2097152    double     sum       0    65.04  257.96  257.96      0    65.01  258.07  258.07      0
    33554432       4194304    double     sum       0    113.2  296.46  296.46      0    112.6  297.92  297.92      0
    67108864       8388608    double     sum       0    206.2  325.42  325.42      0    206.6  324.80  324.80      0
   134217728      16777216    double     sum       0    391.3  343.00  343.00      0    391.6  342.71  342.71      0
           8             4  bfloat16     sum       0     7.20    0.00    0.00      0     7.21    0.00    0.00      0
          16             8  bfloat16     sum       0     7.21    0.00    0.00      0     7.20    0.00    0.00      0
          32            16  bfloat16     sum       0     7.24    0.00    0.00      0     7.23    0.00    0.00      0
          64            32  bfloat16     sum       0     7.28    0.01    0.01      0     7.29    0.01    0.01      0
         128            64  bfloat16     sum       0     7.29    0.02    0.02      0     7.29    0.02    0.02      0
         256           128  bfloat16     sum       0     7.65    0.03    0.03      0     7.28    0.04    0.04      0
         512           256  bfloat16     sum       0     7.40    0.07    0.07      0     7.29    0.07    0.07      0
        1024           512  bfloat16     sum       0     7.97    0.13    0.13      0     7.80    0.13    0.13      0
        2048          1024  bfloat16     sum       0     8.33    0.25    0.25      0     8.33    0.25    0.25      0
        4096          2048  bfloat16     sum       0     8.90    0.46    0.46      0     8.91    0.46    0.46      0
        8192          4096  bfloat16     sum       0     9.06    0.90    0.90      0     9.07    0.90    0.90      0
       16384          8192  bfloat16     sum       0     9.46    1.73    1.73      0     9.47    1.73    1.73      0
       32768         16384  bfloat16     sum       0     9.82    3.34    3.34      0     9.91    3.31    3.31      0
       65536         32768  bfloat16     sum       0    10.11    6.48    6.48      0    10.18    6.44    6.44      0
      131072         65536  bfloat16     sum       0    10.27   12.76   12.76      0    10.30   12.72   12.72      0
      262144        131072  bfloat16     sum       0    10.37   25.28   25.28      0    10.39   25.23   25.23      0
      524288        262144  bfloat16     sum       0    11.83   44.34   44.34      0    11.83   44.32   44.32      0
     1048576        524288  bfloat16     sum       0    15.92   65.85   65.85      0    15.93   65.80   65.80      0
     2097152       1048576  bfloat16     sum       0    19.89  105.46  105.46      0    19.87  105.53  105.53      0
     4194304       2097152  bfloat16     sum       0    26.59  157.75  157.75      0    26.48  158.39  158.39      0
     8388608       4194304  bfloat16     sum       0    38.96  215.29  215.29      0    38.93  215.50  215.50      0
    16777216       8388608  bfloat16     sum       0    63.46  264.38  264.38      0    63.49  264.27  264.27      0
    33554432      16777216  bfloat16     sum       0    110.7  303.24  303.24      0    110.6  303.25  303.25      0
    67108864      33554432  bfloat16     sum       0    203.6  329.59  329.59      0    202.7  331.11  331.11      0
   134217728      67108864  bfloat16     sum       0    386.6  347.19  347.19      0    386.1  347.65  347.65      0
# Out of bounds values : 0 OK
# Avg bus bandwidth    : 74.6013 
#

