# nThread 1 nGpus 1 minBytes 8 maxBytes 134217728 step: 2(factor) warmup iters: 100 iters: 1000 agg iters: 1 validation: 1 graph: 0
#
# Using devices
#  Rank  0 Group  0 Pid  30706 on   bjys1148 device  0 [0x2a] NVIDIA H20
#  Rank  1 Group  0 Pid  30707 on   bjys1148 device  1 [0x3a] NVIDIA H20
#  Rank  2 Group  0 Pid  30708 on   bjys1148 device  2 [0x4c] NVIDIA H20
#  Rank  3 Group  0 Pid  30709 on   bjys1148 device  3 [0x5c] NVIDIA H20
#
#                                                              out-of-place                       in-place          
#       size         count      type   redop    root     time   algbw   busbw #wrong     time   algbw   busbw #wrong
#        (B)    (elements)                               (us)  (GB/s)  (GB/s)            (us)  (GB/s)  (GB/s)       
           8             8      int8    none       0     7.42    0.00    0.00      0     6.76    0.00    0.00      0
          16            16      int8    none       0     6.77    0.00    0.00      0     6.93    0.00    0.00      0
          32            32      int8    none       0     6.93    0.00    0.00      0     6.93    0.00    0.00      0
          64            64      int8    none       0     6.93    0.01    0.01      0     6.94    0.01    0.01      0
         128           128      int8    none       0     6.93    0.02    0.02      0     6.93    0.02    0.02      0
         256           256      int8    none       0     7.28    0.04    0.04      0     6.95    0.04    0.04      0
         512           512      int8    none       0     7.04    0.07    0.07      0     6.92    0.07    0.07      0
        1024          1024      int8    none       0     7.33    0.14    0.14      0     7.21    0.14    0.14      0
        2048          2048      int8    none       0     7.57    0.27    0.27      0     7.51    0.27    0.27      0
        4096          4096      int8    none       0     7.98    0.51    0.51      0     7.85    0.52    0.52      0
        8192          8192      int8    none       0     8.45    0.97    0.97      0     8.40    0.97    0.97      0
       16384         16384      int8    none       0     9.74    1.68    1.68      0     9.75    1.68    1.68      0
       32768         32768      int8    none       0     9.86    3.32    3.32      0     9.85    3.33    3.33      0
       65536         65536      int8    none       0    10.02    6.54    6.54      0    10.03    6.53    6.53      0
      131072        131072      int8    none       0    10.16   12.90   12.90      0    10.15   12.91   12.91      0
      262144        262144      int8    none       0    10.39   25.24   25.24      0    10.35   25.34   25.34      0
      524288        524288      int8    none       0    11.49   45.65   45.65      0    11.46   45.74   45.74      0
     1048576       1048576      int8    none       0    15.19   69.04   69.04      0    15.24   68.81   68.81      0
     2097152       2097152      int8    none       0    20.94  100.17  100.17      0    20.89  100.40  100.40      0
     4194304       4194304      int8    none       0    27.50  152.50  152.50      0    27.51  152.46  152.46      0
     8388608       8388608      int8    none       0    40.58  206.73  206.73      0    40.49  207.20  207.20      0
    16777216      16777216      int8    none       0    67.01  250.36  250.36      0    66.84  251.00  251.00      0
    33554432      33554432      int8    none       0    115.3  290.92  290.92      0    114.3  293.65  293.65      0
    67108864      67108864      int8    none       0    209.3  320.69  320.69      0    207.7  323.10  323.10      0
   134217728     134217728      int8    none       0    394.2  340.52  340.52      0    395.4  339.42  339.42      0
           8             8     uint8    none       0     6.77    0.00    0.00      0     6.77    0.00    0.00      0
          16            16     uint8    none       0     6.93    0.00    0.00      0     6.93    0.00    0.00      0
          32            32     uint8    none       0     6.93    0.00    0.00      0     6.94    0.00    0.00      0
          64            64     uint8    none       0     6.94    0.01    0.01      0     6.93    0.01    0.01      0
         128           128     uint8    none       0     6.94    0.02    0.02      0     6.94    0.02    0.02      0
         256           256     uint8    none       0     7.28    0.04    0.04      0     6.91    0.04    0.04      0
         512           512     uint8    none       0     7.03    0.07    0.07      0     6.92    0.07    0.07      0
        1024          1024     uint8    none       0     7.27    0.14    0.14      0     7.20    0.14    0.14      0
        2048          2048     uint8    none       0     7.56    0.27    0.27      0     7.50    0.27    0.27      0
        4096          4096     uint8    none       0     7.98    0.51    0.51      0     7.85    0.52    0.52      0
        8192          8192     uint8    none       0     8.41    0.97    0.97      0     8.41    0.97    0.97      0
       16384         16384     uint8    none       0     9.75    1.68    1.68      0     9.73    1.68    1.68      0
       32768         32768     uint8    none       0     9.84    3.33    3.33      0     9.84    3.33    3.33      0
       65536         65536     uint8    none       0    10.01    6.55    6.55      0    10.01    6.55    6.55      0
      131072        131072     uint8    none       0    10.11   12.97   12.97      0    10.11   12.97   12.97      0
      262144        262144     uint8    none       0    10.27   25.52   25.52      0    10.28   25.51   25.51      0
      524288        524288     uint8    none       0    11.40   45.97   45.97      0    11.40   45.98   45.98      0
     1048576       1048576     uint8    none       0    15.27   68.67   68.67      0    15.22   68.88   68.88      0
     2097152       2097152     uint8    none       0    20.94  100.16  100.16      0    20.77  100.99  100.99      0
     4194304       4194304     uint8    none       0    27.40  153.05  153.05      0    27.35  153.37  153.37      0
     8388608       8388608     uint8    none       0    40.14  208.96  208.96      0    40.15  208.95  208.95      0
    16777216      16777216     uint8    none       0    66.33  252.95  252.95      0    66.41  252.61  252.61      0
    33554432      33554432     uint8    none       0    114.3  293.65  293.65      0    114.1  293.95  293.95      0
    67108864      67108864     uint8    none       0    207.6  323.26  323.26      0    207.5  323.47  323.47      0
   134217728     134217728     uint8    none       0    393.2  341.37  341.37      0    392.7  341.74  341.74      0
           8             2     int32    none       0     6.93    0.00    0.00      0     6.94    0.00    0.00      0
          16             4     int32    none       0     6.93    0.00    0.00      0     6.93    0.00    0.00      0
          32             8     int32    none       0     6.93    0.00    0.00      0     6.94    0.00    0.00      0
          64            16     int32    none       0     6.94    0.01    0.01      0     6.94    0.01    0.01      0
         128            32     int32    none       0     6.93    0.02    0.02      0     6.94    0.02    0.02      0
         256            64     int32    none       0     7.28    0.04    0.04      0     6.91    0.04    0.04      0
         512           128     int32    none       0     7.03    0.07    0.07      0     6.93    0.07    0.07      0
        1024           256     int32    none       0     7.33    0.14    0.14      0     7.20    0.14    0.14      0
        2048           512     int32    none       0     7.56    0.27    0.27      0     7.50    0.27    0.27      0
        4096          1024     int32    none       0     7.97    0.51    0.51      0     7.84    0.52    0.52      0
        8192          2048     int32    none       0     8.43    0.97    0.97      0     8.41    0.97    0.97      0
       16384          4096     int32    none       0     9.74    1.68    1.68      0     9.74    1.68    1.68      0
       32768          8192     int32    none       0     9.89    3.31    3.31      0     9.86    3.32    3.32      0
       65536         16384     int32    none       0    10.00    6.56    6.56      0    10.00    6.55    6.55      0
      131072         32768     int32    none       0    10.10   12.97   12.97      0    10.07   13.01   13.01      0
      262144         65536     int32    none       0    10.28   25.51   25.51      0    10.28   25.49   25.49      0
      524288        131072     int32    none       0    11.42   45.90   45.90      0    11.41   45.95   45.95      0
     1048576        262144     int32    none       0    15.20   69.01   69.01      0    15.23   68.84   68.84      0
     2097152        524288     int32    none       0    20.94  100.13  100.13      0    20.89  100.39  100.39      0
     4194304       1048576     int32    none       0    27.51  152.47  152.47      0    27.55  152.25  152.25      0
     8388608       2097152     int32    none       0    40.37  207.78  207.78      0    40.52  207.01  207.01      0
    16777216       4194304     int32    none       0    66.88  250.85  250.85      0    66.74  251.37  251.37      0
    33554432       8388608     int32    none       0    115.2  291.38  291.38      0    114.6  292.91  292.91      0
    67108864      16777216     int32    none       0    208.1  322.48  322.48      0    208.8  321.47  321.47      0
   134217728      33554432     int32    none       0    393.6  341.01  341.01      0    393.6  341.00  341.00      0
           8             2    uint32    none       0     6.92    0.00    0.00      0     6.93    0.00    0.00      0
          16             4    uint32    none       0     6.93    0.00    0.00      0     6.93    0.00    0.00      0
          32             8    uint32    none       0     6.93    0.00    0.00      0     6.93    0.00    0.00      0
          64            16    uint32    none       0     6.93    0.01    0.01      0     6.93    0.01    0.01      0
         128            32    uint32    none       0     6.93    0.02    0.02      0     6.93    0.02    0.02      0
         256            64    uint32    none       0     7.27    0.04    0.04      0     6.91    0.04    0.04      0
         512           128    uint32    none       0     7.04    0.07    0.07      0     6.91    0.07    0.07      0
        1024           256    uint32    none       0     7.28    0.14    0.14      0     7.20    0.14    0.14      0
        2048           512    uint32    none       0     7.56    0.27    0.27      0     7.50    0.27    0.27      0
        4096          1024    uint32    none       0     7.98    0.51    0.51      0     7.86    0.52    0.52      0
        8192          2048    uint32    none       0     8.43    0.97    0.97      0     8.41    0.97    0.97      0
       16384          4096    uint32    none       0     9.73    1.68    1.68      0     9.74    1.68    1.68      0
       32768          8192    uint32    none       0     9.85    3.33    3.33      0     9.88    3.32    3.32      0
       65536         16384    uint32    none       0     9.99    6.56    6.56      0    10.00    6.55    6.55      0
      131072         32768    uint32    none       0    10.10   12.98   12.98      0    10.10   12.98   12.98      0
      262144         65536    uint32    none       0    10.27   25.52   25.52      0    10.30   25.45   25.45      0
      524288        131072    uint32    none       0    11.40   45.99   45.99      0    11.40   46.00   46.00      0
     1048576        262144    uint32    none       0    15.27   68.68   68.68      0    15.22   68.89   68.89      0
     2097152        524288    uint32    none       0    20.97  100.03  100.03      0    20.70  101.33  101.33      0
     4194304       1048576    uint32    none       0    27.38  153.18  153.18      0    27.36  153.33  153.33      0
     8388608       2097152    uint32    none       0    40.12  209.11  209.11      0    40.10  209.18  209.18      0
    16777216       4194304    uint32    none       0    66.38  252.74  252.74      0    66.40  252.68  252.68      0
    33554432       8388608    uint32    none       0    114.4  293.34  293.34      0    114.0  294.44  294.44      0
    67108864      16777216    uint32    none       0    207.5  323.43  323.43      0    207.3  323.74  323.74      0
   134217728      33554432    uint32    none       0    394.2  340.51  340.51      0    394.0  340.69  340.69      0
           8             1     int64    none       0     6.93    0.00    0.00      0     6.93    0.00    0.00      0
          16             2     int64    none       0     6.93    0.00    0.00      0     6.94    0.00    0.00      0
          32             4     int64    none       0     6.93    0.00    0.00      0     6.93    0.00    0.00      0
          64             8     int64    none       0     6.94    0.01    0.01      0     6.93    0.01    0.01      0
         128            16     int64    none       0     6.93    0.02    0.02      0     6.93    0.02    0.02      0
         256            32     int64    none       0     7.28    0.04    0.04      0     6.91    0.04    0.04      0
         512            64     int64    none       0     7.03    0.07    0.07      0     6.92    0.07    0.07      0
        1024           128     int64    none       0     7.32    0.14    0.14      0     7.19    0.14    0.14      0
        2048           256     int64    none       0     7.57    0.27    0.27      0     7.50    0.27    0.27      0
        4096           512     int64    none       0     7.98    0.51    0.51      0     7.85    0.52    0.52      0
        8192          1024     int64    none       0     8.42    0.97    0.97      0     8.40    0.98    0.98      0
       16384          2048     int64    none       0     9.74    1.68    1.68      0     9.72    1.69    1.69      0
       32768          4096     int64    none       0     9.82    3.34    3.34      0     9.86    3.32    3.32      0
       65536          8192     int64    none       0    10.02    6.54    6.54      0     9.99    6.56    6.56      0
      131072         16384     int64    none       0    10.11   12.97   12.97      0    10.10   12.98   12.98      0
      262144         32768     int64    none       0    10.27   25.52   25.52      0    10.26   25.54   25.54      0
      524288         65536     int64    none       0    11.43   45.88   45.88      0    11.45   45.81   45.81      0
     1048576        131072     int64    none       0    15.16   69.19   69.19      0    15.23   68.83   68.83      0
     2097152        262144     int64    none       0    20.96  100.08  100.08      0    20.89  100.38  100.38      0
     4194304        524288     int64    none       0    27.49  152.56  152.56      0    27.60  151.96  151.96      0
     8388608       1048576     int64    none       0    40.45  207.38  207.38      0    40.50  207.11  207.11      0
    16777216       2097152     int64    none       0    67.20  249.66  249.66      0    66.76  251.32  251.32      0
    33554432       4194304     int64    none       0    114.7  292.53  292.53      0    114.5  293.01  293.01      0
    67108864       8388608     int64    none       0    209.0  321.05  321.05      0    208.3  322.10  322.10      0
   134217728      16777216     int64    none       0    395.1  339.69  339.69      0    394.6  340.15  340.15      0
           8             1    uint64    none       0     6.93    0.00    0.00      0     6.93    0.00    0.00      0
          16             2    uint64    none       0     6.93    0.00    0.00      0     6.93    0.00    0.00      0
          32             4    uint64    none       0     6.93    0.00    0.00      0     6.93    0.00    0.00      0
          64             8    uint64    none       0     6.93    0.01    0.01      0     6.93    0.01    0.01      0
         128            16    uint64    none       0     6.93    0.02    0.02      0     6.93    0.02    0.02      0
         256            32    uint64    none       0     7.27    0.04    0.04      0     6.91    0.04    0.04      0
         512            64    uint64    none       0     7.03    0.07    0.07      0     6.91    0.07    0.07      0
        1024           128    uint64    none       0     7.33    0.14    0.14      0     7.20    0.14    0.14      0
        2048           256    uint64    none       0     7.56    0.27    0.27      0     7.50    0.27    0.27      0
        4096           512    uint64    none       0     7.97    0.51    0.51      0     7.85    0.52    0.52      0
        8192          1024    uint64    none       0     8.40    0.98    0.98      0     8.40    0.98    0.98      0
       16384          2048    uint64    none       0     9.73    1.68    1.68      0     9.73    1.68    1.68      0
       32768          4096    uint64    none       0     9.84    3.33    3.33      0     9.85    3.33    3.33      0
       65536          8192    uint64    none       0    10.01    6.55    6.55      0     9.98    6.56    6.56      0
      131072         16384    uint64    none       0    10.10   12.98   12.98      0    10.10   12.97   12.97      0
      262144         32768    uint64    none       0    10.28   25.49   25.49      0    10.29   25.49   25.49      0
      524288         65536    uint64    none       0    11.41   45.96   45.96      0    11.38   46.06   46.06      0
     1048576        131072    uint64    none       0    15.42   67.99   67.99      0    15.22   68.88   68.88      0
     2097152        262144    uint64    none       0    20.98   99.97   99.97      0    20.72  101.20  101.20      0
     4194304        524288    uint64    none       0    27.39  153.13  153.13      0    27.43  152.91  152.91      0
     8388608       1048576    uint64    none       0    40.07  209.35  209.35      0    40.04  209.52  209.52      0
    16777216       2097152    uint64    none       0    66.44  252.53  252.53      0    66.56  252.06  252.06      0
    33554432       4194304    uint64    none       0    114.4  293.23  293.23      0    114.0  294.26  294.26      0
    67108864       8388608    uint64    none       0    207.2  323.81  323.81      0    208.0  322.59  322.59      0
   134217728      16777216    uint64    none       0    394.9  339.92  339.92      0    393.5  341.13  341.13      0
           8             4      half    none       0     6.93    0.00    0.00      0     6.94    0.00    0.00      0
          16             8      half    none       0     6.93    0.00    0.00      0     6.93    0.00    0.00      0
          32            16      half    none       0     6.93    0.00    0.00      0     6.94    0.00    0.00      0
          64            32      half    none       0     6.93    0.01    0.01      0     6.93    0.01    0.01      0
         128            64      half    none       0     6.93    0.02    0.02      0     6.94    0.02    0.02      0
         256           128      half    none       0     7.28    0.04    0.04      0     6.92    0.04    0.04      0
         512           256      half    none       0     7.03    0.07    0.07      0     6.92    0.07    0.07      0
        1024           512      half    none       0     7.32    0.14    0.14      0     7.20    0.14    0.14      0
        2048          1024      half    none       0     7.72    0.27    0.27      0     7.51    0.27    0.27      0
        4096          2048      half    none       0     7.98    0.51    0.51      0     7.84    0.52    0.52      0
        8192          4096      half    none       0     8.41    0.97    0.97      0     8.43    0.97    0.97      0
       16384          8192      half    none       0     9.73    1.68    1.68      0     9.73    1.68    1.68      0
       32768         16384      half    none       0     9.85    3.33    3.33      0     9.86    3.32    3.32      0
       65536         32768      half    none       0    10.01    6.55    6.55      0     9.99    6.56    6.56      0
      131072         65536      half    none       0    10.11   12.97   12.97      0    10.10   12.98   12.98      0
      262144        131072      half    none       0    10.29   25.49   25.49      0    10.28   25.50   25.50      0
      524288        262144      half    none       0    11.42   45.90   45.90      0    11.40   45.97   45.97      0
     1048576        524288      half    none       0    15.16   69.18   69.18      0    15.24   68.82   68.82      0
     2097152       1048576      half    none       0    20.91  100.30  100.30      0    20.89  100.40  100.40      0
     4194304       2097152      half    none       0    27.50  152.50  152.50      0    27.48  152.61  152.61      0
     8388608       4194304      half    none       0    40.40  207.63  207.63      0    40.39  207.70  207.70      0
    16777216       8388608      half    none       0    66.86  250.94  250.94      0    66.82  251.08  251.08      0
    33554432      16777216      half    none       0    115.2  291.19  291.19      0    114.1  294.12  294.12      0
    67108864      33554432      half    none       0    208.6  321.77  321.77      0    207.5  323.44  323.44      0
   134217728      67108864      half    none       0    395.7  339.15  339.15      0    393.4  341.20  341.20      0
           8             2     float    none       0     6.93    0.00    0.00      0     6.92    0.00    0.00      0
          16             4     float    none       0     6.92    0.00    0.00      0     6.93    0.00    0.00      0
          32             8     float    none       0     6.93    0.00    0.00      0     6.93    0.00    0.00      0
          64            16     float    none       0     6.93    0.01    0.01      0     6.93    0.01    0.01      0
         128            32     float    none       0     6.92    0.02    0.02      0     6.93    0.02    0.02      0
         256            64     float    none       0     7.28    0.04    0.04      0     6.91    0.04    0.04      0
         512           128     float    none       0     7.03    0.07    0.07      0     6.91    0.07    0.07      0
        1024           256     float    none       0     7.33    0.14    0.14      0     7.20    0.14    0.14      0
        2048           512     float    none       0     7.57    0.27    0.27      0     7.50    0.27    0.27      0
        4096          1024     float    none       0     7.97    0.51    0.51      0     7.85    0.52    0.52      0
        8192          2048     float    none       0     8.41    0.97    0.97      0     8.42    0.97    0.97      0
       16384          4096     float    none       0     9.72    1.69    1.69      0     9.73    1.68    1.68      0
       32768          8192     float    none       0     9.85    3.33    3.33      0     9.85    3.33    3.33      0
       65536         16384     float    none       0     9.98    6.56    6.56      0    10.01    6.55    6.55      0
      131072         32768     float    none       0    10.10   12.98   12.98      0    10.10   12.98   12.98      0
      262144         65536     float    none       0    10.27   25.52   25.52      0    10.28   25.49   25.49      0
      524288        131072     float    none       0    11.40   45.98   45.98      0    11.40   46.00   46.00      0
     1048576        262144     float    none       0    15.24   68.81   68.81      0    15.21   68.96   68.96      0
     2097152        524288     float    none       0    20.96  100.07  100.07      0    20.71  101.26  101.26      0
     4194304       1048576     float    none       0    27.41  153.03  153.03      0    27.40  153.07  153.07      0
     8388608       2097152     float    none       0    40.07  209.33  209.33      0    40.08  209.29  209.29      0
    16777216       4194304     float    none       0    66.42  252.59  252.59      0    66.52  252.23  252.23      0
    33554432       8388608     float    none       0    114.1  294.17  294.17      0    114.2  293.89  293.89      0
    67108864      16777216     float    none       0    208.1  322.43  322.43      0    207.7  323.12  323.12      0
   134217728      33554432     float    none       0    394.2  340.50  340.50      0    392.5  341.98  341.98      0
           8             1    double    none       0     6.92    0.00    0.00      0     6.93    0.00    0.00      0
          16             2    double    none       0     6.93    0.00    0.00      0     6.94    0.00    0.00      0
          32             4    double    none       0     6.93    0.00    0.00      0     6.94    0.00    0.00      0
          64             8    double    none       0     6.94    0.01    0.01      0     6.93    0.01    0.01      0
         128            16    double    none       0     6.94    0.02    0.02      0     6.94    0.02    0.02      0
         256            32    double    none       0     7.29    0.04    0.04      0     6.91    0.04    0.04      0
         512            64    double    none       0     7.04    0.07    0.07      0     6.92    0.07    0.07      0
        1024           128    double    none       0     7.32    0.14    0.14      0     7.20    0.14    0.14      0
        2048           256    double    none       0     7.56    0.27    0.27      0     7.50    0.27    0.27      0
        4096           512    double    none       0     7.98    0.51    0.51      0     7.84    0.52    0.52      0
        8192          1024    double    none       0     8.42    0.97    0.97      0     8.40    0.98    0.98      0
       16384          2048    double    none       0     9.74    1.68    1.68      0     9.74    1.68    1.68      0
       32768          4096    double    none       0     9.83    3.33    3.33      0     9.85    3.33    3.33      0
       65536          8192    double    none       0    10.00    6.55    6.55      0     9.99    6.56    6.56      0
      131072         16384    double    none       0    10.10   12.98   12.98      0    10.09   12.99   12.99      0
      262144         32768    double    none       0    10.26   25.55   25.55      0    10.29   25.49   25.49      0
      524288         65536    double    none       0    11.43   45.88   45.88      0    11.42   45.92   45.92      0
     1048576        131072    double    none       0    15.21   68.95   68.95      0    15.24   68.79   68.79      0
     2097152        262144    double    none       0    20.92  100.24  100.24      0    20.91  100.30  100.30      0
     4194304        524288    double    none       0    27.53  152.37  152.37      0    27.54  152.31  152.31      0
     8388608       1048576    double    none       0    40.53  206.99  206.99      0    40.49  207.17  207.17      0
    16777216       2097152    double    none       0    66.53  252.19  252.19      0    67.06  250.17  250.17      0
    33554432       4194304    double    none       0    114.8  292.24  292.24      0    114.9  292.08  292.08      0
    67108864       8388608    double    none       0    208.9  321.30  321.30      0    208.3  322.18  322.18      0
   134217728      16777216    double    none       0    394.3  340.42  340.42      0    394.8  339.98  339.98      0
           8             4  bfloat16    none       0     6.92    0.00    0.00      0     6.93    0.00    0.00      0
          16             8  bfloat16    none       0     6.92    0.00    0.00      0     6.92    0.00    0.00      0
          32            16  bfloat16    none       0     6.93    0.00    0.00      0     6.93    0.00    0.00      0
          64            32  bfloat16    none       0     6.93    0.01    0.01      0     6.94    0.01    0.01      0
         128            64  bfloat16    none       0     6.93    0.02    0.02      0     6.93    0.02    0.02      0
         256           128  bfloat16    none       0     7.28    0.04    0.04      0     6.91    0.04    0.04      0
         512           256  bfloat16    none       0     7.03    0.07    0.07      0     6.91    0.07    0.07      0
        1024           512  bfloat16    none       0     7.33    0.14    0.14      0     7.21    0.14    0.14      0
        2048          1024  bfloat16    none       0     7.56    0.27    0.27      0     7.50    0.27    0.27      0
        4096          2048  bfloat16    none       0     7.98    0.51    0.51      0     7.86    0.52    0.52      0
        8192          4096  bfloat16    none       0     8.42    0.97    0.97      0     8.42    0.97    0.97      0
       16384          8192  bfloat16    none       0     9.72    1.69    1.69      0     9.73    1.68    1.68      0
       32768         16384  bfloat16    none       0     9.85    3.33    3.33      0     9.88    3.32    3.32      0
       65536         32768  bfloat16    none       0    10.00    6.55    6.55      0    10.01    6.55    6.55      0
      131072         65536  bfloat16    none       0    10.10   12.97   12.97      0    10.10   12.98   12.98      0
      262144        131072  bfloat16    none       0    10.28   25.51   25.51      0    10.28   25.50   25.50      0
      524288        262144  bfloat16    none       0    11.42   45.89   45.89      0    11.44   45.82   45.82      0
     1048576        524288  bfloat16    none       0    15.26   68.73   68.73      0    15.23   68.86   68.86      0
     2097152       1048576  bfloat16    none       0    20.97   99.99   99.99      0    20.72  101.22  101.22      0
     4194304       2097152  bfloat16    none       0    27.41  153.02  153.02      0    27.40  153.10  153.10      0
     8388608       4194304  bfloat16    none       0    40.07  209.35  209.35      0    40.15  208.91  208.91      0
    16777216       8388608  bfloat16    none       0    66.47  252.38  252.38      0    66.57  252.04  252.04      0
    33554432      16777216  bfloat16    none       0    113.9  294.57  294.57      0    114.4  293.18  293.18      0
    67108864      33554432  bfloat16    none       0    207.6  323.20  323.20      0    207.4  323.60  323.60      0
   134217728      67108864  bfloat16    none       0    392.9  341.61  341.61      0    393.9  340.76  340.76      0
# Out of bounds values : 0 OK
# Avg bus bandwidth    : 73.4532 
#

