# nThread 1 nGpus 1 minBytes 8 maxBytes 134217728 step: 2(factor) warmup iters: 100 iters: 1000 agg iters: 1 validation: 1 graph: 0
#
# Using devices
#  Rank  0 Group  0 Pid  34461 on   bjys1148 device  0 [0x2a] NVIDIA H20
#  Rank  1 Group  0 Pid  34462 on   bjys1148 device  1 [0x3a] NVIDIA H20
#
#                                                              out-of-place                       in-place          
#       size         count      type   redop    root     time   algbw   busbw #wrong     time   algbw   busbw #wrong
#        (B)    (elements)                               (us)  (GB/s)  (GB/s)            (us)  (GB/s)  (GB/s)       
           8             8      int8     sum      -1     8.09    0.00    0.00      0     7.81    0.00    0.00    N/A
          16            16      int8     sum      -1     7.93    0.00    0.00      0     7.90    0.00    0.00    N/A
          32            32      int8     sum      -1     7.96    0.00    0.00      0     7.91    0.00    0.00    N/A
          64            64      int8     sum      -1     8.03    0.01    0.01      0     7.93    0.01    0.01    N/A
         128           128      int8     sum      -1     8.04    0.02    0.02      0     7.94    0.02    0.02    N/A
         256           256      int8     sum      -1     8.21    0.03    0.03      0     7.88    0.03    0.03    N/A
         512           512      int8     sum      -1     8.19    0.06    0.06      0     7.91    0.06    0.06    N/A
        1024          1024      int8     sum      -1     8.07    0.13    0.13      0     7.95    0.13    0.13    N/A
        2048          2048      int8     sum      -1     8.16    0.25    0.25      0     8.05    0.25    0.25    N/A
        4096          4096      int8     sum      -1     8.65    0.47    0.47      0     8.50    0.48    0.48    N/A
        8192          8192      int8     sum      -1     9.47    0.86    0.86      0     9.23    0.89    0.89    N/A
       16384         16384      int8     sum      -1    11.05    1.48    1.48      0    10.74    1.53    1.53    N/A
       32768         32768      int8     sum      -1    12.14    2.70    2.70      0    12.11    2.71    2.71    N/A
       65536         65536      int8     sum      -1    14.37    4.56    4.56      0    14.25    4.60    4.60    N/A
      131072        131072      int8     sum      -1    14.70    8.92    8.92      0    14.70    8.92    8.92    N/A
      262144        262144      int8     sum      -1    15.17   17.28   17.28      0    15.00   17.48   17.48    N/A
      524288        524288      int8     sum      -1    15.58   33.66   33.66      0    15.40   34.05   34.05    N/A
     1048576       1048576      int8     sum      -1    16.32   64.25   64.25      0    16.13   65.01   65.01    N/A
     2097152       2097152      int8     sum      -1    22.04   95.16   95.16      0    21.75   96.42   96.42    N/A
     4194304       4194304      int8     sum      -1    32.04  130.90  130.90      0    32.16  130.42  130.42    N/A
     8388608       8388608      int8     sum      -1    51.14  164.02  164.02      0    50.71  165.43  165.43    N/A
    16777216      16777216      int8     sum      -1    78.87  212.73  212.73      0    79.01  212.35  212.35    N/A
    33554432      33554432      int8     sum      -1    136.9  245.12  245.12      0    135.9  246.83  246.83    N/A
    67108864      67108864      int8     sum      -1    250.4  267.96  267.96      0    250.4  268.02  268.02    N/A
   134217728     134217728      int8     sum      -1    461.8  290.65  290.65      0    462.2  290.37  290.37    N/A
           8             8     uint8     sum      -1     7.93    0.00    0.00      0     7.90    0.00    0.00    N/A
          16            16     uint8     sum      -1     7.93    0.00    0.00      0     7.91    0.00    0.00    N/A
          32            32     uint8     sum      -1     7.97    0.00    0.00      0     7.91    0.00    0.00    N/A
          64            64     uint8     sum      -1     8.03    0.01    0.01      0     7.93    0.01    0.01    N/A
         128           128     uint8     sum      -1     8.05    0.02    0.02      0     7.96    0.02    0.02    N/A
         256           256     uint8     sum      -1     8.22    0.03    0.03      0     7.89    0.03    0.03    N/A
         512           512     uint8     sum      -1     8.19    0.06    0.06      0     7.90    0.06    0.06    N/A
        1024          1024     uint8     sum      -1     8.07    0.13    0.13      0     7.95    0.13    0.13    N/A
        2048          2048     uint8     sum      -1     8.16    0.25    0.25      0     8.05    0.25    0.25    N/A
        4096          4096     uint8     sum      -1     8.66    0.47    0.47      0     8.49    0.48    0.48    N/A
        8192          8192     uint8     sum      -1     9.47    0.87    0.87      0     9.23    0.89    0.89    N/A
       16384         16384     uint8     sum      -1    11.03    1.49    1.49      0    10.72    1.53    1.53    N/A
       32768         32768     uint8     sum      -1    12.17    2.69    2.69      0    12.13    2.70    2.70    N/A
       65536         65536     uint8     sum      -1    14.32    4.58    4.58      0    14.29    4.59    4.59    N/A
      131072        131072     uint8     sum      -1    14.73    8.90    8.90      0    14.75    8.88    8.88    N/A
      262144        262144     uint8     sum      -1    15.15   17.30   17.30      0    15.09   17.37   17.37    N/A
      524288        524288     uint8     sum      -1    15.57   33.67   33.67      0    15.48   33.87   33.87    N/A
     1048576       1048576     uint8     sum      -1    16.48   63.61   63.61      0    16.08   65.22   65.22    N/A
     2097152       2097152     uint8     sum      -1    21.82   96.09   96.09      0    21.68   96.73   96.73    N/A
     4194304       4194304     uint8     sum      -1    31.91  131.46  131.46      0    31.54  132.99  132.99    N/A
     8388608       8388608     uint8     sum      -1    50.61  165.75  165.75      0    50.29  166.81  166.81    N/A
    16777216      16777216     uint8     sum      -1    78.90  212.63  212.63      0    78.90  212.63  212.63    N/A
    33554432      33554432     uint8     sum      -1    137.8  243.58  243.58      0    135.7  247.33  247.33    N/A
    67108864      67108864     uint8     sum      -1    252.1  266.15  266.15      0    251.7  266.66  266.66    N/A
   134217728     134217728     uint8     sum      -1    465.0  288.65  288.65      0    465.0  288.65  288.65    N/A
           8             2     int32     sum      -1     7.92    0.00    0.00      0     7.90    0.00    0.00    N/A
          16             4     int32     sum      -1     7.93    0.00    0.00      0     7.91    0.00    0.00    N/A
          32             8     int32     sum      -1     7.97    0.00    0.00      0     7.91    0.00    0.00    N/A
          64            16     int32     sum      -1     8.03    0.01    0.01      0     7.93    0.01    0.01    N/A
         128            32     int32     sum      -1     8.04    0.02    0.02      0     7.94    0.02    0.02    N/A
         256            64     int32     sum      -1     8.21    0.03    0.03      0     7.89    0.03    0.03    N/A
         512           128     int32     sum      -1     8.19    0.06    0.06      0     7.89    0.06    0.06    N/A
        1024           256     int32     sum      -1     8.06    0.13    0.13      0     7.95    0.13    0.13    N/A
        2048           512     int32     sum      -1     8.17    0.25    0.25      0     8.05    0.25    0.25    N/A
        4096          1024     int32     sum      -1     8.66    0.47    0.47      0     8.50    0.48    0.48    N/A
        8192          2048     int32     sum      -1     9.46    0.87    0.87      0     9.23    0.89    0.89    N/A
       16384          4096     int32     sum      -1    11.06    1.48    1.48      0    10.73    1.53    1.53    N/A
       32768          8192     int32     sum      -1    12.12    2.70    2.70      0    12.11    2.71    2.71    N/A
       65536         16384     int32     sum      -1    14.36    4.56    4.56      0    14.35    4.57    4.57    N/A
      131072         32768     int32     sum      -1    14.73    8.90    8.90      0    14.71    8.91    8.91    N/A
      262144         65536     int32     sum      -1    15.10   17.36   17.36      0    15.11   17.34   17.34    N/A
      524288        131072     int32     sum      -1    15.55   33.72   33.72      0    15.46   33.91   33.91    N/A
     1048576        262144     int32     sum      -1    16.43   63.82   63.82      0    16.22   64.67   64.67    N/A
     2097152        524288     int32     sum      -1    22.28   94.14   94.14      0    21.59   97.12   97.12    N/A
     4194304       1048576     int32     sum      -1    32.00  131.05  131.05      0    31.77  132.04  132.04    N/A
     8388608       2097152     int32     sum      -1    50.94  164.66  164.66      0    52.28  160.46  160.46    N/A
    16777216       4194304     int32     sum      -1    80.41  208.64  208.64      0    78.36  214.11  214.11    N/A
    33554432       8388608     int32     sum      -1    136.8  245.23  245.23      0    138.4  242.52  242.52    N/A
    67108864      16777216     int32     sum      -1    250.6  267.78  267.78      0    251.0  267.42  267.42    N/A
   134217728      33554432     int32     sum      -1    462.7  290.09  290.09      0    462.2  290.37  290.37    N/A
           8             2    uint32     sum      -1     7.93    0.00    0.00      0     7.91    0.00    0.00    N/A
          16             4    uint32     sum      -1     7.92    0.00    0.00      0     7.91    0.00    0.00    N/A
          32             8    uint32     sum      -1     7.97    0.00    0.00      0     7.92    0.00    0.00    N/A
          64            16    uint32     sum      -1     8.02    0.01    0.01      0     7.92    0.01    0.01    N/A
         128            32    uint32     sum      -1     8.05    0.02    0.02      0     7.95    0.02    0.02    N/A
         256            64    uint32     sum      -1     8.21    0.03    0.03      0     7.89    0.03    0.03    N/A
         512           128    uint32     sum      -1     8.19    0.06    0.06      0     7.90    0.06    0.06    N/A
        1024           256    uint32     sum      -1     8.06    0.13    0.13      0     7.95    0.13    0.13    N/A
        2048           512    uint32     sum      -1     8.15    0.25    0.25      0     8.05    0.25    0.25    N/A
        4096          1024    uint32     sum      -1     8.65    0.47    0.47      0     8.51    0.48    0.48    N/A
        8192          2048    uint32     sum      -1     9.48    0.86    0.86      0     9.22    0.89    0.89    N/A
       16384          4096    uint32     sum      -1    11.03    1.49    1.49      0    10.72    1.53    1.53    N/A
       32768          8192    uint32     sum      -1    12.16    2.69    2.69      0    12.13    2.70    2.70    N/A
       65536         16384    uint32     sum      -1    14.30    4.58    4.58      0    14.31    4.58    4.58    N/A
      131072         32768    uint32     sum      -1    14.70    8.91    8.91      0    14.72    8.90    8.90    N/A
      262144         65536    uint32     sum      -1    15.12   17.34   17.34      0    15.10   17.36   17.36    N/A
      524288        131072    uint32     sum      -1    15.58   33.66   33.66      0    15.49   33.84   33.84    N/A
     1048576        262144    uint32     sum      -1    16.46   63.69   63.69      0    16.12   65.04   65.04    N/A
     2097152        524288    uint32     sum      -1    21.80   96.19   96.19      0    21.67   96.78   96.78    N/A
     4194304       1048576    uint32     sum      -1    31.91  131.45  131.45      0    31.35  133.80  133.80    N/A
     8388608       2097152    uint32     sum      -1    50.86  164.94  164.94      0    50.39  166.48  166.48    N/A
    16777216       4194304    uint32     sum      -1    79.33  211.48  211.48      0    78.73  213.10  213.10    N/A
    33554432       8388608    uint32     sum      -1    136.8  245.30  245.30      0    137.7  243.68  243.68    N/A
    67108864      16777216    uint32     sum      -1    251.9  266.44  266.44      0    250.3  268.09  268.09    N/A
   134217728      33554432    uint32     sum      -1    464.3  289.06  289.06      0    463.5  289.57  289.57    N/A
           8             1     int64     sum      -1     7.91    0.00    0.00      0     7.90    0.00    0.00    N/A
          16             2     int64     sum      -1     7.93    0.00    0.00      0     7.91    0.00    0.00    N/A
          32             4     int64     sum      -1     7.97    0.00    0.00      0     7.91    0.00    0.00    N/A
          64             8     int64     sum      -1     8.03    0.01    0.01      0     7.93    0.01    0.01    N/A
         128            16     int64     sum      -1     8.04    0.02    0.02      0     7.94    0.02    0.02    N/A
         256            32     int64     sum      -1     8.21    0.03    0.03      0     7.89    0.03    0.03    N/A
         512            64     int64     sum      -1     8.19    0.06    0.06      0     7.91    0.06    0.06    N/A
        1024           128     int64     sum      -1     8.07    0.13    0.13      0     7.94    0.13    0.13    N/A
        2048           256     int64     sum      -1     8.15    0.25    0.25      0     8.04    0.25    0.25    N/A
        4096           512     int64     sum      -1     8.65    0.47    0.47      0     8.49    0.48    0.48    N/A
        8192          1024     int64     sum      -1     9.46    0.87    0.87      0     9.23    0.89    0.89    N/A
       16384          2048     int64     sum      -1    11.03    1.48    1.48      0    10.71    1.53    1.53    N/A
       32768          4096     int64     sum      -1    12.13    2.70    2.70      0    12.16    2.70    2.70    N/A
       65536          8192     int64     sum      -1    14.23    4.61    4.61      0    14.36    4.56    4.56    N/A
      131072         16384     int64     sum      -1    14.73    8.90    8.90      0    14.69    8.92    8.92    N/A
      262144         32768     int64     sum      -1    15.09   17.38   17.38      0    15.05   17.41   17.41    N/A
      524288         65536     int64     sum      -1    15.62   33.56   33.56      0    15.43   33.97   33.97    N/A
     1048576        131072     int64     sum      -1    16.51   63.50   63.50      0    16.17   64.83   64.83    N/A
     2097152        262144     int64     sum      -1    21.99   95.38   95.38      0    21.73   96.51   96.51    N/A
     4194304        524288     int64     sum      -1    31.81  131.84  131.84      0    31.73  132.20  132.20    N/A
     8388608       1048576     int64     sum      -1    50.96  164.61  164.61      0    50.75  165.30  165.30    N/A
    16777216       2097152     int64     sum      -1    78.94  212.54  212.54      0    78.88  212.70  212.70    N/A
    33554432       4194304     int64     sum      -1    136.6  245.63  245.63      0    136.6  245.65  245.65    N/A
    67108864       8388608     int64     sum      -1    250.2  268.19  268.19      0    250.4  267.96  267.96    N/A
   134217728      16777216     int64     sum      -1    461.6  290.74  290.74      0    461.4  290.88  290.88    N/A
           8             1    uint64     sum      -1     7.92    0.00    0.00      0     7.90    0.00    0.00    N/A
          16             2    uint64     sum      -1     7.94    0.00    0.00      0     7.90    0.00    0.00    N/A
          32             4    uint64     sum      -1     7.97    0.00    0.00      0     7.92    0.00    0.00    N/A
          64             8    uint64     sum      -1     8.03    0.01    0.01      0     7.94    0.01    0.01    N/A
         128            16    uint64     sum      -1     8.05    0.02    0.02      0     7.95    0.02    0.02    N/A
         256            32    uint64     sum      -1     8.21    0.03    0.03      0     7.87    0.03    0.03    N/A
         512            64    uint64     sum      -1     8.21    0.06    0.06      0     7.91    0.06    0.06    N/A
        1024           128    uint64     sum      -1     8.08    0.13    0.13      0     7.95    0.13    0.13    N/A
        2048           256    uint64     sum      -1     8.16    0.25    0.25      0     8.04    0.25    0.25    N/A
        4096           512    uint64     sum      -1     8.65    0.47    0.47      0     8.50    0.48    0.48    N/A
        8192          1024    uint64     sum      -1     9.46    0.87    0.87      0     9.22    0.89    0.89    N/A
       16384          2048    uint64     sum      -1    11.05    1.48    1.48      0    10.72    1.53    1.53    N/A
       32768          4096    uint64     sum      -1    12.13    2.70    2.70      0    12.15    2.70    2.70    N/A
       65536          8192    uint64     sum      -1    14.20    4.61    4.61      0    14.31    4.58    4.58    N/A
      131072         16384    uint64     sum      -1    14.77    8.87    8.87      0    14.67    8.93    8.93    N/A
      262144         32768    uint64     sum      -1    15.10   17.36   17.36      0    14.99   17.49   17.49    N/A
      524288         65536    uint64     sum      -1    15.60   33.61   33.61      0    15.50   33.82   33.82    N/A
     1048576        131072    uint64     sum      -1    16.44   63.77   63.77      0    16.13   65.03   65.03    N/A
     2097152        262144    uint64     sum      -1    21.91   95.74   95.74      0    21.68   96.75   96.75    N/A
     4194304        524288    uint64     sum      -1    31.83  131.77  131.77      0    31.49  133.20  133.20    N/A
     8388608       1048576    uint64     sum      -1    50.76  165.25  165.25      0    50.35  166.60  166.60    N/A
    16777216       2097152    uint64     sum      -1    79.46  211.14  211.14      0    78.84  212.80  212.80    N/A
    33554432       4194304    uint64     sum      -1    136.4  245.99  245.99      0    136.5  245.74  245.74    N/A
    67108864       8388608    uint64     sum      -1    250.7  267.67  267.67      0    250.8  267.62  267.62    N/A
   134217728      16777216    uint64     sum      -1    463.7  289.43  289.43      0    464.5  288.95  288.95    N/A
           8             4      half     sum      -1     7.93    0.00    0.00      0     7.90    0.00    0.00    N/A
          16             8      half     sum      -1     7.93    0.00    0.00      0     7.90    0.00    0.00    N/A
          32            16      half     sum      -1     7.97    0.00    0.00      0     7.91    0.00    0.00    N/A
          64            32      half     sum      -1     8.03    0.01    0.01      0     7.93    0.01    0.01    N/A
         128            64      half     sum      -1     8.04    0.02    0.02      0     7.94    0.02    0.02    N/A
         256           128      half     sum      -1     8.19    0.03    0.03      0     7.87    0.03    0.03    N/A
         512           256      half     sum      -1     8.16    0.06    0.06      0     7.89    0.06    0.06    N/A
        1024           512      half     sum      -1     8.06    0.13    0.13      0     7.94    0.13    0.13    N/A
        2048          1024      half     sum      -1     8.15    0.25    0.25      0     8.05    0.25    0.25    N/A
        4096          2048      half     sum      -1     8.65    0.47    0.47      0     8.49    0.48    0.48    N/A
        8192          4096      half     sum      -1     9.48    0.86    0.86      0     9.24    0.89    0.89    N/A
       16384          8192      half     sum      -1    11.05    1.48    1.48      0    10.72    1.53    1.53    N/A
       32768         16384      half     sum      -1    12.16    2.69    2.69      0    12.14    2.70    2.70    N/A
       65536         32768      half     sum      -1    14.30    4.58    4.58      0    14.29    4.59    4.59    N/A
      131072         65536      half     sum      -1    14.69    8.92    8.92      0    14.74    8.89    8.89    N/A
      262144        131072      half     sum      -1    15.13   17.33   17.33      0    15.04   17.43   17.43    N/A
      524288        262144      half     sum      -1    15.59   33.62   33.62      0    15.45   33.94   33.94    N/A
     1048576        524288      half     sum      -1    16.48   63.63   63.63      0    16.14   64.96   64.96    N/A
     2097152       1048576      half     sum      -1    21.96   95.50   95.50      0    21.71   96.61   96.61    N/A
     4194304       2097152      half     sum      -1    32.20  130.27  130.27      0    32.04  130.90  130.90    N/A
     8388608       4194304      half     sum      -1    50.85  164.98  164.98      0    52.28  160.47  160.47    N/A
    16777216       8388608      half     sum      -1    78.81  212.87  212.87      0    78.37  214.07  214.07    N/A
    33554432      16777216      half     sum      -1    138.7  241.98  241.98      0    137.2  244.63  244.63    N/A
    67108864      33554432      half     sum      -1    250.1  268.35  268.35      0    249.9  268.52  268.52    N/A
   134217728      67108864      half     sum      -1    462.4  290.24  290.24      0    462.1  290.43  290.43    N/A
           8             2     float     sum      -1     7.92    0.00    0.00      0     7.91    0.00    0.00    N/A
          16             4     float     sum      -1     7.93    0.00    0.00      0     7.90    0.00    0.00    N/A
          32             8     float     sum      -1     7.97    0.00    0.00      0     7.92    0.00    0.00    N/A
          64            16     float     sum      -1     8.03    0.01    0.01      0     7.92    0.01    0.01    N/A
         128            32     float     sum      -1     8.05    0.02    0.02      0     7.94    0.02    0.02    N/A
         256            64     float     sum      -1     8.21    0.03    0.03      0     7.88    0.03    0.03    N/A
         512           128     float     sum      -1     8.19    0.06    0.06      0     7.92    0.06    0.06    N/A
        1024           256     float     sum      -1     8.07    0.13    0.13      0     7.95    0.13    0.13    N/A
        2048           512     float     sum      -1     8.17    0.25    0.25      0     8.04    0.25    0.25    N/A
        4096          1024     float     sum      -1     8.63    0.47    0.47      0     8.50    0.48    0.48    N/A
        8192          2048     float     sum      -1     9.45    0.87    0.87      0     9.22    0.89    0.89    N/A
       16384          4096     float     sum      -1    11.03    1.49    1.49      0    10.72    1.53    1.53    N/A
       32768          8192     float     sum      -1    12.14    2.70    2.70      0    12.08    2.71    2.71    N/A
       65536         16384     float     sum      -1    14.39    4.56    4.56      0    14.28    4.59    4.59    N/A
      131072         32768     float     sum      -1    14.73    8.90    8.90      0    14.69    8.92    8.92    N/A
      262144         65536     float     sum      -1    15.12   17.34   17.34      0    15.00   17.48   17.48    N/A
      524288        131072     float     sum      -1    15.60   33.61   33.61      0    15.36   34.13   34.13    N/A
     1048576        262144     float     sum      -1    16.45   63.74   63.74      0    16.10   65.14   65.14    N/A
     2097152        524288     float     sum      -1    21.81   96.14   96.14      0    21.58   97.18   97.18    N/A
     4194304       1048576     float     sum      -1    31.81  131.87  131.87      0    31.40  133.56  133.56    N/A
     8388608       2097152     float     sum      -1    50.58  165.85  165.85      0    50.07  167.55  167.55    N/A
    16777216       4194304     float     sum      -1    79.57  210.84  210.84      0    79.31  211.53  211.53    N/A
    33554432       8388608     float     sum      -1    136.7  245.41  245.41      0    136.0  246.79  246.79    N/A
    67108864      16777216     float     sum      -1    250.5  267.85  267.85      0    251.4  266.89  266.89    N/A
   134217728      33554432     float     sum      -1    464.2  289.13  289.13      0    464.5  288.95  288.95    N/A
           8             1    double     sum      -1     7.83    0.00    0.00      0     7.88    0.00    0.00    N/A
          16             2    double     sum      -1     7.91    0.00    0.00      0     7.90    0.00    0.00    N/A
          32             4    double     sum      -1     7.95    0.00    0.00      0     7.91    0.00    0.00    N/A
          64             8    double     sum      -1     8.01    0.01    0.01      0     7.92    0.01    0.01    N/A
         128            16    double     sum      -1     8.04    0.02    0.02      0     7.94    0.02    0.02    N/A
         256            32    double     sum      -1     8.21    0.03    0.03      0     7.89    0.03    0.03    N/A
         512            64    double     sum      -1     8.18    0.06    0.06      0     7.90    0.06    0.06    N/A
        1024           128    double     sum      -1     8.08    0.13    0.13      0     7.93    0.13    0.13    N/A
        2048           256    double     sum      -1     8.14    0.25    0.25      0     8.03    0.25    0.25    N/A
        4096           512    double     sum      -1     8.63    0.47    0.47      0     8.49    0.48    0.48    N/A
        8192          1024    double     sum      -1     9.46    0.87    0.87      0     9.22    0.89    0.89    N/A
       16384          2048    double     sum      -1    11.04    1.48    1.48      0    10.72    1.53    1.53    N/A
       32768          4096    double     sum      -1    12.17    2.69    2.69      0    12.10    2.71    2.71    N/A
       65536          8192    double     sum      -1    14.28    4.59    4.59      0    14.32    4.58    4.58    N/A
      131072         16384    double     sum      -1    14.73    8.90    8.90      0    14.71    8.91    8.91    N/A
      262144         32768    double     sum      -1    15.16   17.29   17.29      0    15.00   17.48   17.48    N/A
      524288         65536    double     sum      -1    15.60   33.61   33.61      0    15.44   33.95   33.95    N/A
     1048576        131072    double     sum      -1    16.51   63.50   63.50      0    16.20   64.74   64.74    N/A
     2097152        262144    double     sum      -1    22.01   95.27   95.27      0    21.76   96.40   96.40    N/A
     4194304        524288    double     sum      -1    32.20  130.27  130.27      0    32.07  130.77  130.77    N/A
     8388608       1048576    double     sum      -1    51.16  163.98  163.98      0    50.53  166.02  166.02    N/A
    16777216       2097152    double     sum      -1    78.96  212.49  212.49      0    78.78  212.98  212.98    N/A
    33554432       4194304    double     sum      -1    136.4  245.91  245.91      0    137.7  243.76  243.76    N/A
    67108864       8388608    double     sum      -1    249.1  269.43  269.43      0    250.2  268.23  268.23    N/A
   134217728      16777216    double     sum      -1    461.8  290.67  290.67      0    462.4  290.26  290.26    N/A
           8             4  bfloat16     sum      -1     7.93    0.00    0.00      0     7.91    0.00    0.00    N/A
          16             8  bfloat16     sum      -1     7.93    0.00    0.00      0     7.91    0.00    0.00    N/A
          32            16  bfloat16     sum      -1     7.97    0.00    0.00      0     7.92    0.00    0.00    N/A
          64            32  bfloat16     sum      -1     8.03    0.01    0.01      0     7.92    0.01    0.01    N/A
         128            64  bfloat16     sum      -1     8.04    0.02    0.02      0     7.94    0.02    0.02    N/A
         256           128  bfloat16     sum      -1     8.20    0.03    0.03      0     7.87    0.03    0.03    N/A
         512           256  bfloat16     sum      -1     8.18    0.06    0.06      0     7.89    0.06    0.06    N/A
        1024           512  bfloat16     sum      -1     8.05    0.13    0.13      0     7.93    0.13    0.13    N/A
        2048          1024  bfloat16     sum      -1     8.14    0.25    0.25      0     8.04    0.25    0.25    N/A
        4096          2048  bfloat16     sum      -1     8.65    0.47    0.47      0     8.48    0.48    0.48    N/A
        8192          4096  bfloat16     sum      -1     9.46    0.87    0.87      0     9.21    0.89    0.89    N/A
       16384          8192  bfloat16     sum      -1    11.03    1.49    1.49      0    10.73    1.53    1.53    N/A
       32768         16384  bfloat16     sum      -1    12.17    2.69    2.69      0    12.08    2.71    2.71    N/A
       65536         32768  bfloat16     sum      -1    14.38    4.56    4.56      0    14.25    4.60    4.60    N/A
      131072         65536  bfloat16     sum      -1    14.74    8.89    8.89      0    14.72    8.91    8.91    N/A
      262144        131072  bfloat16     sum      -1    15.12   17.34   17.34      0    15.06   17.41   17.41    N/A
      524288        262144  bfloat16     sum      -1    15.58   33.65   33.65      0    15.48   33.87   33.87    N/A
     1048576        524288  bfloat16     sum      -1    16.45   63.74   63.74      0    16.11   65.08   65.08    N/A
     2097152       1048576  bfloat16     sum      -1    21.78   96.27   96.27      0    21.66   96.82   96.82    N/A
     4194304       2097152  bfloat16     sum      -1    31.78  131.97  131.97      0    31.34  133.84  133.84    N/A
     8388608       4194304  bfloat16     sum      -1    50.81  165.09  165.09      0    50.20  167.12  167.12    N/A
    16777216       8388608  bfloat16     sum      -1    79.28  211.62  211.62      0    78.79  212.93  212.93    N/A
    33554432      16777216  bfloat16     sum      -1    136.9  245.06  245.06      0    135.9  246.87  246.87    N/A
    67108864      33554432  bfloat16     sum      -1    249.6  268.85  268.85      0    250.9  267.51  267.51    N/A
   134217728      67108864  bfloat16     sum      -1    463.5  289.59  289.59      0    463.7  289.42  289.42    N/A
# Out of bounds values : 0 OK
# Avg bus bandwidth    : 61.7265 
#

