# nThread 1 nGpus 1 minBytes 8 maxBytes 134217728 step: 2(factor) warmup iters: 100 iters: 1000 agg iters: 1 validation: 1 graph: 0
#
# Using devices
#  Rank  0 Group  0 Pid  33217 on   bjys1148 device  0 [0x2a] NVIDIA H20
#  Rank  1 Group  0 Pid  33218 on   bjys1148 device  1 [0x3a] NVIDIA H20
#  Rank  2 Group  0 Pid  33219 on   bjys1148 device  2 [0x4c] NVIDIA H20
#  Rank  3 Group  0 Pid  33220 on   bjys1148 device  3 [0x5c] NVIDIA H20
#
#                                                              out-of-place                       in-place          
#       size         count      type   redop    root     time   algbw   busbw #wrong     time   algbw   busbw #wrong
#        (B)    (elements)                               (us)  (GB/s)  (GB/s)            (us)  (GB/s)  (GB/s)       
           0             0      int8     sum      -1     0.13    0.00    0.00      0     0.14    0.00    0.00      0
          16             4      int8     sum      -1     9.54    0.00    0.00      0     9.27    0.00    0.00      0
          32             8      int8     sum      -1     9.26    0.00    0.00      0     9.27    0.00    0.00      0
          64            16      int8     sum      -1     9.32    0.01    0.01      0     9.37    0.01    0.01      0
         128            32      int8     sum      -1     9.44    0.01    0.01      0     9.43    0.01    0.01      0
         256            64      int8     sum      -1     9.68    0.03    0.02      0     9.56    0.03    0.02      0
         512           128      int8     sum      -1     9.67    0.05    0.04      0     9.54    0.05    0.04      0
        1024           256      int8     sum      -1     9.74    0.11    0.08      0     9.32    0.11    0.08      0
        2048           512      int8     sum      -1     9.67    0.21    0.16      0     9.36    0.22    0.16      0
        4096          1024      int8     sum      -1     9.62    0.43    0.32      0     9.43    0.43    0.33      0
        8192          2048      int8     sum      -1     9.79    0.84    0.63      0     9.64    0.85    0.64      0
       16384          4096      int8     sum      -1    10.34    1.59    1.19      0    10.21    1.60    1.20      0
       32768          8192      int8     sum      -1    10.62    3.08    2.31      0    10.71    3.06    2.29      0
       65536         16384      int8     sum      -1    10.98    5.97    4.48      0    10.99    5.96    4.47      0
      131072         32768      int8     sum      -1    11.18   11.72    8.79      0    11.19   11.71    8.79      0
      262144         65536      int8     sum      -1    11.32   23.15   17.36      0    11.31   23.17   17.38      0
      524288        131072      int8     sum      -1    14.21   36.89   27.67      0    14.19   36.94   27.70      0
     1048576        262144      int8     sum      -1    17.09   61.37   46.03      0    17.11   61.28   45.96      0
     2097152        524288      int8     sum      -1    25.24   83.09   62.32      0    25.25   83.05   62.29      0
     4194304       1048576      int8     sum      -1    39.92  105.07   78.80      0    40.02  104.80   78.60      0
     8388608       2097152      int8     sum      -1    46.85  179.04  134.28      0    46.64  179.85  134.88      0
    16777216       4194304      int8     sum      -1    67.14  249.87  187.40      0    66.66  251.69  188.77      0
    33554432       8388608      int8     sum      -1    108.9  308.09  231.07      0    107.3  312.70  234.53      0
    67108864      16777216      int8     sum      -1    201.9  332.41  249.30      0    199.0  337.18  252.88      0
   134217728      33554432      int8     sum      -1    368.1  364.63  273.47      0    367.0  365.77  274.32      0
           0             0     uint8     sum      -1     0.13    0.00    0.00      0     0.13    0.00    0.00      0
          16             4     uint8     sum      -1     9.26    0.00    0.00      0     9.26    0.00    0.00      0
          32             8     uint8     sum      -1     9.28    0.00    0.00      0     9.27    0.00    0.00      0
          64            16     uint8     sum      -1     9.33    0.01    0.01      0     9.34    0.01    0.01      0
         128            32     uint8     sum      -1     9.44    0.01    0.01      0     9.43    0.01    0.01      0
         256            64     uint8     sum      -1     9.69    0.03    0.02      0     9.56    0.03    0.02      0
         512           128     uint8     sum      -1     9.71    0.05    0.04      0     9.58    0.05    0.04      0
        1024           256     uint8     sum      -1     9.79    0.10    0.08      0     9.45    0.11    0.08      0
        2048           512     uint8     sum      -1     9.69    0.21    0.16      0     9.46    0.22    0.16      0
        4096          1024     uint8     sum      -1     9.65    0.42    0.32      0     9.52    0.43    0.32      0
        8192          2048     uint8     sum      -1     9.82    0.83    0.63      0     9.69    0.85    0.63      0
       16384          4096     uint8     sum      -1    10.34    1.58    1.19      0    10.22    1.60    1.20      0
       32768          8192     uint8     sum      -1    10.61    3.09    2.32      0    10.68    3.07    2.30      0
       65536         16384     uint8     sum      -1    10.95    5.98    4.49      0    10.98    5.97    4.48      0
      131072         32768     uint8     sum      -1    11.15   11.76    8.82      0    11.15   11.75    8.81      0
      262144         65536     uint8     sum      -1    11.26   23.28   17.46      0    11.27   23.26   17.45      0
      524288        131072     uint8     sum      -1    14.17   37.01   27.76      0    14.22   36.86   27.64      0
     1048576        262144     uint8     sum      -1    17.05   61.49   46.12      0    17.07   61.42   46.07      0
     2097152        524288     uint8     sum      -1    25.35   82.74   62.06      0    25.32   82.83   62.12      0
     4194304       1048576     uint8     sum      -1    39.94  105.01   78.75      0    40.02  104.81   78.61      0
     8388608       2097152     uint8     sum      -1    46.87  178.99  134.24      0    46.42  180.70  135.52      0
    16777216       4194304     uint8     sum      -1    67.13  249.93  187.44      0    66.92  250.70  188.03      0
    33554432       8388608     uint8     sum      -1    109.2  307.34  230.51      0    107.9  310.86  233.14      0
    67108864      16777216     uint8     sum      -1    202.2  331.95  248.96      0    199.2  336.97  252.72      0
   134217728      33554432     uint8     sum      -1    372.6  360.20  270.15      0    365.4  367.35  275.51      0
           0             0     int32     sum      -1     0.13    0.00    0.00      0     0.13    0.00    0.00      0
           0             0     int32     sum      -1     0.13    0.00    0.00      0     0.13    0.00    0.00      0
           0             0     int32     sum      -1     0.13    0.00    0.00      0     0.13    0.00    0.00      0
          64             4     int32     sum      -1    17.48    0.00    0.00      0    17.45    0.00    0.00      0
         128             8     int32     sum      -1    17.59    0.01    0.01      0    17.57    0.01    0.01      0
         256            16     int32     sum      -1    17.82    0.01    0.01      0    17.68    0.01    0.01      0
         512            32     int32     sum      -1    17.77    0.03    0.02      0    17.63    0.03    0.02      0
        1024            64     int32     sum      -1    17.82    0.06    0.04      0    17.68    0.06    0.04      0
        2048           128     int32     sum      -1    17.70    0.12    0.09      0    17.38    0.12    0.09      0
        4096           256     int32     sum      -1    18.64    0.22    0.16      0    18.36    0.22    0.17      0
        8192           512     int32     sum      -1    17.70    0.46    0.35      0    17.54    0.47    0.35      0
       16384          1024     int32     sum      -1    17.58    0.93    0.70      0    17.52    0.94    0.70      0
       32768          2048     int32     sum      -1    18.37    1.78    1.34      0    18.38    1.78    1.34      0
       65536          4096     int32     sum      -1    18.98    3.45    2.59      0    19.00    3.45    2.59      0
      131072          8192     int32     sum      -1    19.26    6.81    5.10      0    19.23    6.82    5.11      0
      262144         16384     int32     sum      -1    19.49   13.45   10.09      0    19.45   13.48   10.11      0
      524288         32768     int32     sum      -1    20.41   25.69   19.27      0    20.38   25.73   19.30      0
     1048576         65536     int32     sum      -1    23.07   45.45   34.09      0    22.98   45.63   34.22      0
     2097152        131072     int32     sum      -1    28.82   72.78   54.58      0    28.79   72.85   54.64      0
     4194304        262144     int32     sum      -1    36.16  115.98   86.98      0    36.03  116.40   87.30      0
     8388608        524288     int32     sum      -1    53.15  157.83  118.37      0    52.69  159.19  119.40      0
    16777216       1048576     int32     sum      -1    84.52  198.49  148.87      0    84.22  199.20  149.40      0
    33554432       2097152     int32     sum      -1    133.4  251.58  188.68      0    133.5  251.40  188.55      0
    67108864       4194304     int32     sum      -1    234.6  286.03  214.52      0    234.7  285.97  214.48      0
   134217728       8388608     int32     sum      -1    434.6  308.84  231.63      0    435.5  308.17  231.12      0
           0             0    uint32     sum      -1     0.13    0.00    0.00      0     0.13    0.00    0.00      0
           0             0    uint32     sum      -1     0.13    0.00    0.00      0     0.13    0.00    0.00      0
           0             0    uint32     sum      -1     0.13    0.00    0.00      0     0.13    0.00    0.00      0
          64             4    uint32     sum      -1    17.49    0.00    0.00      0    17.49    0.00    0.00      0
         128             8    uint32     sum      -1    17.57    0.01    0.01      0    17.59    0.01    0.01      0
         256            16    uint32     sum      -1    17.83    0.01    0.01      0    17.69    0.01    0.01      0
         512            32    uint32     sum      -1    17.77    0.03    0.02      0    17.65    0.03    0.02      0
        1024            64    uint32     sum      -1    17.84    0.06    0.04      0    17.97    0.06    0.04      0
        2048           128    uint32     sum      -1    17.67    0.12    0.09      0    17.36    0.12    0.09      0
        4096           256    uint32     sum      -1    18.63    0.22    0.16      0    18.35    0.22    0.17      0
        8192           512    uint32     sum      -1    17.70    0.46    0.35      0    17.54    0.47    0.35      0
       16384          1024    uint32     sum      -1    17.57    0.93    0.70      0    17.51    0.94    0.70      0
       32768          2048    uint32     sum      -1    18.39    1.78    1.34      0    18.40    1.78    1.34      0
       65536          4096    uint32     sum      -1    18.96    3.46    2.59      0    18.98    3.45    2.59      0
      131072          8192    uint32     sum      -1    19.27    6.80    5.10      0    19.23    6.82    5.11      0
      262144         16384    uint32     sum      -1    19.52   13.43   10.07      0    19.50   13.45   10.08      0
      524288         32768    uint32     sum      -1    20.54   25.53   19.15      0    20.51   25.57   19.17      0
     1048576         65536    uint32     sum      -1    23.15   45.29   33.97      0    23.09   45.41   34.06      0
     2097152        131072    uint32     sum      -1    28.96   72.41   54.31      0    28.91   72.54   54.41      0
     4194304        262144    uint32     sum      -1    36.27  115.64   86.73      0    36.14  116.06   87.05      0
     8388608        524288    uint32     sum      -1    53.00  158.27  118.70      0    52.83  158.79  119.09      0
    16777216       1048576    uint32     sum      -1    84.80  197.84  148.38      0    84.40  198.78  149.08      0
    33554432       2097152    uint32     sum      -1    135.0  248.56  186.42      0    135.1  248.43  186.32      0
    67108864       4194304    uint32     sum      -1    237.2  282.88  212.16      0    238.1  281.86  211.40      0
   134217728       8388608    uint32     sum      -1    438.1  306.33  229.75      0    438.8  305.91  229.43      0
           0             0     int64     sum      -1     0.13    0.00    0.00      0     0.13    0.00    0.00      0
           0             0     int64     sum      -1     0.13    0.00    0.00      0     0.13    0.00    0.00      0
           0             0     int64     sum      -1     0.13    0.00    0.00      0     0.13    0.00    0.00      0
           0             0     int64     sum      -1     0.13    0.00    0.00      0     0.13    0.00    0.00      0
         128             4     int64     sum      -1    17.71    0.01    0.01      0    17.69    0.01    0.01      0
         256             8     int64     sum      -1    17.84    0.01    0.01      0    17.70    0.01    0.01      0
         512            16     int64     sum      -1    17.89    0.03    0.02      0    17.77    0.03    0.02      0
        1024            32     int64     sum      -1    17.86    0.06    0.04      0    17.73    0.06    0.04      0
        2048            64     int64     sum      -1    17.74    0.12    0.09      0    17.44    0.12    0.09      0
        4096           128     int64     sum      -1    17.89    0.23    0.17      0    17.61    0.23    0.17      0
        8192           256     int64     sum      -1    17.72    0.46    0.35      0    17.59    0.47    0.35      0
       16384           512     int64     sum      -1    17.62    0.93    0.70      0    17.58    0.93    0.70      0
       32768          1024     int64     sum      -1    18.45    1.78    1.33      0    18.47    1.77    1.33      0
       65536          2048     int64     sum      -1    19.02    3.44    2.58      0    19.03    3.44    2.58      0
      131072          4096     int64     sum      -1    19.32    6.78    5.09      0    19.28    6.80    5.10      0
      262144          8192     int64     sum      -1    19.56   13.40   10.05      0    19.55   13.41   10.06      0
      524288         16384     int64     sum      -1    20.43   25.67   19.25      0    20.38   25.72   19.29      0
     1048576         32768     int64     sum      -1    23.10   45.40   34.05      0    23.03   45.52   34.14      0
     2097152         65536     int64     sum      -1    28.76   72.91   54.68      0    28.72   73.02   54.76      0
     4194304        131072     int64     sum      -1    36.20  115.87   86.90      0    36.01  116.48   87.36      0
     8388608        262144     int64     sum      -1    52.83  158.80  119.10      0    52.66  159.30  119.48      0
    16777216        524288     int64     sum      -1    84.49  198.57  148.93      0    84.20  199.25  149.44      0
    33554432       1048576     int64     sum      -1    133.7  250.99  188.24      0    133.8  250.77  188.08      0
    67108864       2097152     int64     sum      -1    235.0  285.61  214.21      0    234.9  285.73  214.30      0
   134217728       4194304     int64     sum      -1    434.4  308.96  231.72      0    434.7  308.77  231.58      0
           0             0    uint64     sum      -1     0.13    0.00    0.00      0     0.13    0.00    0.00      0
           0             0    uint64     sum      -1     0.13    0.00    0.00      0     0.13    0.00    0.00      0
           0             0    uint64     sum      -1     0.13    0.00    0.00      0     0.13    0.00    0.00      0
           0             0    uint64     sum      -1     0.13    0.00    0.00      0     0.13    0.00    0.00      0
         128             4    uint64     sum      -1    17.69    0.01    0.01      0    17.69    0.01    0.01      0
         256             8    uint64     sum      -1    17.84    0.01    0.01      0    17.70    0.01    0.01      0
         512            16    uint64     sum      -1    17.89    0.03    0.02      0    17.76    0.03    0.02      0
        1024            32    uint64     sum      -1    17.88    0.06    0.04      0    17.75    0.06    0.04      0
        2048            64    uint64     sum      -1    17.75    0.12    0.09      0    17.42    0.12    0.09      0
        4096           128    uint64     sum      -1    17.90    0.23    0.17      0    17.63    0.23    0.17      0
        8192           256    uint64     sum      -1    17.73    0.46    0.35      0    17.58    0.47    0.35      0
       16384           512    uint64     sum      -1    17.61    0.93    0.70      0    17.58    0.93    0.70      0
       32768          1024    uint64     sum      -1    18.46    1.77    1.33      0    18.50    1.77    1.33      0
       65536          2048    uint64     sum      -1    19.03    3.44    2.58      0    19.04    3.44    2.58      0
      131072          4096    uint64     sum      -1    19.35    6.77    5.08      0    19.32    6.79    5.09      0
      262144          8192    uint64     sum      -1    19.59   13.38   10.04      0    19.54   13.41   10.06      0
      524288         16384    uint64     sum      -1    20.58   25.48   19.11      0    20.54   25.52   19.14      0
     1048576         32768    uint64     sum      -1    23.20   45.19   33.90      0    23.13   45.34   34.00      0
     2097152         65536    uint64     sum      -1    28.99   72.34   54.25      0    28.95   72.45   54.34      0
     4194304        131072    uint64     sum      -1    36.36  115.37   86.53      0    36.17  115.97   86.98      0
     8388608        262144    uint64     sum      -1    53.12  157.92  118.44      0    52.96  158.41  118.81      0
    16777216        524288    uint64     sum      -1    85.06  197.24  147.93      0    85.03  197.30  147.97      0
    33554432       1048576    uint64     sum      -1    135.4  247.76  185.82      0    135.4  247.76  185.82      0
    67108864       2097152    uint64     sum      -1    238.5  281.41  211.06      0    238.8  280.99  210.74      0
   134217728       4194304    uint64     sum      -1    438.8  305.87  229.40      0    438.4  306.16  229.62      0
           0             0      half     sum      -1     0.13    0.00    0.00      0     0.13    0.00    0.00      0
           0             0      half     sum      -1     0.13    0.00    0.00      0     0.13    0.00    0.00      0
          32             4      half     sum      -1    18.80    0.00    0.00      0    18.75    0.00    0.00      0
          64             8      half     sum      -1    17.73    0.00    0.00      0    17.73    0.00    0.00      0
         128            16      half     sum      -1    17.78    0.01    0.01      0    17.78    0.01    0.01      0
         256            32      half     sum      -1    18.02    0.01    0.01      0    17.92    0.01    0.01      0
         512            64      half     sum      -1    18.06    0.03    0.02      0    17.96    0.03    0.02      0
        1024           128      half     sum      -1    18.14    0.06    0.04      0    18.02    0.06    0.04      0
        2048           256      half     sum      -1    17.96    0.11    0.09      0    17.62    0.12    0.09      0
        4096           512      half     sum      -1    18.14    0.23    0.17      0    17.84    0.23    0.17      0
        8192          1024      half     sum      -1    18.06    0.45    0.34      0    17.95    0.46    0.34      0
       16384          2048      half     sum      -1    17.89    0.92    0.69      0    17.85    0.92    0.69      0
       32768          4096      half     sum      -1    18.76    1.75    1.31      0    18.82    1.74    1.31      0
       65536          8192      half     sum      -1    19.44    3.37    2.53      0    19.46    3.37    2.53      0
      131072         16384      half     sum      -1    19.74    6.64    4.98      0    19.70    6.65    4.99      0
      262144         32768      half     sum      -1    19.97   13.13    9.84      0    19.93   13.15    9.86      0
      524288         65536      half     sum      -1    20.81   25.19   18.89      0    20.76   25.25   18.94      0
     1048576        131072      half     sum      -1    22.93   45.74   34.30      0    22.86   45.86   34.39      0
     2097152        262144      half     sum      -1    28.88   72.61   54.46      0    28.82   72.76   54.57      0
     4194304        524288      half     sum      -1    37.31  112.40   84.30      0    37.15  112.89   84.67      0
     8388608       1048576      half     sum      -1    54.57  153.73  115.30      0    54.38  154.26  115.69      0
    16777216       2097152      half     sum      -1    86.44  194.09  145.57      0    86.02  195.04  146.28      0
    33554432       4194304      half     sum      -1    139.2  241.13  180.85      0    139.1  241.18  180.88      0
    67108864       8388608      half     sum      -1    244.8  274.10  205.57      0    245.0  273.90  205.43      0
   134217728      16777216      half     sum      -1    452.1  296.86  222.64      0    452.1  296.85  222.64      0
           0             0     float     sum      -1     0.13    0.00    0.00      0     0.13    0.00    0.00      0
           0             0     float     sum      -1     0.13    0.00    0.00      0     0.13    0.00    0.00      0
           0             0     float     sum      -1     0.13    0.00    0.00      0     0.13    0.00    0.00      0
          64             4     float     sum      -1    17.70    0.00    0.00      0    17.67    0.00    0.00      0
         128             8     float     sum      -1    17.76    0.01    0.01      0    17.74    0.01    0.01      0
         256            16     float     sum      -1    17.97    0.01    0.01      0    17.82    0.01    0.01      0
         512            32     float     sum      -1    18.07    0.03    0.02      0    17.92    0.03    0.02      0
        1024            64     float     sum      -1    18.07    0.06    0.04      0    17.96    0.06    0.04      0
        2048           128     float     sum      -1    17.79    0.12    0.09      0    17.47    0.12    0.09      0
        4096           256     float     sum      -1    17.90    0.23    0.17      0    17.62    0.23    0.17      0
        8192           512     float     sum      -1    17.86    0.46    0.34      0    17.70    0.46    0.35      0
       16384          1024     float     sum      -1    17.58    0.93    0.70      0    17.54    0.93    0.70      0
       32768          2048     float     sum      -1    18.67    1.76    1.32      0    18.47    1.77    1.33      0
       65536          4096     float     sum      -1    19.02    3.44    2.58      0    19.04    3.44    2.58      0
      131072          8192     float     sum      -1    19.34    6.78    5.08      0    19.30    6.79    5.09      0
      262144         16384     float     sum      -1    19.60   13.37   10.03      0    19.56   13.40   10.05      0
      524288         32768     float     sum      -1    20.64   25.41   19.06      0    20.59   25.46   19.10      0
     1048576         65536     float     sum      -1    22.66   46.28   34.71      0    22.59   46.43   34.82      0
     2097152        131072     float     sum      -1    28.63   73.24   54.93      0    28.58   73.38   55.04      0
     4194304        262144     float     sum      -1    36.93  113.58   85.19      0    36.84  113.85   85.39      0
     8388608        524288     float     sum      -1    54.56  153.74  115.31      0    54.37  154.30  115.72      0
    16777216       1048576     float     sum      -1    86.65  193.61  145.21      0    86.37  194.25  145.68      0
    33554432       2097152     float     sum      -1    137.3  244.39  183.30      0    137.2  244.51  183.38      0
    67108864       4194304     float     sum      -1    242.7  276.47  207.35      0    242.6  276.63  207.47      0
   134217728       8388608     float     sum      -1    449.2  298.77  224.08      0    449.6  298.54  223.90      0
           0             0    double     sum      -1     0.13    0.00    0.00      0     0.13    0.00    0.00      0
           0             0    double     sum      -1     0.13    0.00    0.00      0     0.13    0.00    0.00      0
           0             0    double     sum      -1     0.13    0.00    0.00      0     0.13    0.00    0.00      0
           0             0    double     sum      -1     0.13    0.00    0.00      0     0.13    0.00    0.00      0
         128             4    double     sum      -1    17.70    0.01    0.01      0    17.69    0.01    0.01      0
         256             8    double     sum      -1    17.86    0.01    0.01      0    17.71    0.01    0.01      0
         512            16    double     sum      -1    17.90    0.03    0.02      0    17.76    0.03    0.02      0
        1024            32    double     sum      -1    17.88    0.06    0.04      0    17.75    0.06    0.04      0
        2048            64    double     sum      -1    17.75    0.12    0.09      0    17.46    0.12    0.09      0
        4096           128    double     sum      -1    17.90    0.23    0.17      0    17.60    0.23    0.17      0
        8192           256    double     sum      -1    17.75    0.46    0.35      0    17.60    0.47    0.35      0
       16384           512    double     sum      -1    17.63    0.93    0.70      0    17.58    0.93    0.70      0
       32768          1024    double     sum      -1    18.48    1.77    1.33      0    18.48    1.77    1.33      0
       65536          2048    double     sum      -1    19.03    3.44    2.58      0    19.03    3.44    2.58      0
      131072          4096    double     sum      -1    19.34    6.78    5.08      0    19.30    6.79    5.09      0
      262144          8192    double     sum      -1    19.56   13.40   10.05      0    19.53   13.42   10.07      0
      524288         16384    double     sum      -1    20.48   25.59   19.20      0    20.43   25.66   19.24      0
     1048576         32768    double     sum      -1    23.12   45.35   34.01      0    23.05   45.50   34.12      0
     2097152         65536    double     sum      -1    28.81   72.80   54.60      0    28.80   72.82   54.61      0
     4194304        131072    double     sum      -1    36.23  115.77   86.83      0    36.37  115.33   86.50      0
     8388608        262144    double     sum      -1    52.95  158.43  118.82      0    52.77  158.97  119.22      0
    16777216        524288    double     sum      -1    84.64  198.23  148.67      0    84.43  198.71  149.03      0
    33554432       1048576    double     sum      -1    133.6  251.15  188.36      0    133.6  251.11  188.33      0
    67108864       2097152    double     sum      -1    235.0  285.52  214.14      0    234.9  285.64  214.23      0
   134217728       4194304    double     sum      -1    434.9  308.60  231.45      0    435.3  308.31  231.23      0
           0             0  bfloat16     sum      -1     0.13    0.00    0.00      0     0.13    0.00    0.00      0
           0             0  bfloat16     sum      -1     0.13    0.00    0.00      0     0.12    0.00    0.00      0
          32             4  bfloat16     sum      -1    18.78    0.00    0.00      0    18.72    0.00    0.00      0
          64             8  bfloat16     sum      -1    17.72    0.00    0.00      0    17.73    0.00    0.00      0
         128            16  bfloat16     sum      -1    17.78    0.01    0.01      0    17.77    0.01    0.01      0
         256            32  bfloat16     sum      -1    18.02    0.01    0.01      0    17.90    0.01    0.01      0
         512            64  bfloat16     sum      -1    18.08    0.03    0.02      0    17.98    0.03    0.02      0
        1024           128  bfloat16     sum      -1    18.10    0.06    0.04      0    18.00    0.06    0.04      0
        2048           256  bfloat16     sum      -1    17.95    0.11    0.09      0    17.63    0.12    0.09      0
        4096           512  bfloat16     sum      -1    18.12    0.23    0.17      0    17.84    0.23    0.17      0
        8192          1024  bfloat16     sum      -1    18.06    0.45    0.34      0    17.91    0.46    0.34      0
       16384          2048  bfloat16     sum      -1    17.86    0.92    0.69      0    17.84    0.92    0.69      0
       32768          4096  bfloat16     sum      -1    18.72    1.75    1.31      0    18.80    1.74    1.31      0
       65536          8192  bfloat16     sum      -1    19.43    3.37    2.53      0    19.44    3.37    2.53      0
      131072         16384  bfloat16     sum      -1    19.72    6.65    4.98      0    19.68    6.66    5.00      0
      262144         32768  bfloat16     sum      -1    19.95   13.14    9.85      0    19.92   13.16    9.87      0
      524288         65536  bfloat16     sum      -1    20.96   25.02   18.76      0    20.91   25.08   18.81      0
     1048576        131072  bfloat16     sum      -1    22.99   45.60   34.20      0    22.92   45.75   34.31      0
     2097152        262144  bfloat16     sum      -1    29.05   72.20   54.15      0    29.00   72.32   54.24      0
     4194304        524288  bfloat16     sum      -1    37.55  111.71   83.78      0    37.41  112.11   84.08      0
     8388608       1048576  bfloat16     sum      -1    55.19  151.98  113.99      0    54.94  152.68  114.51      0
    16777216       2097152  bfloat16     sum      -1    87.34  192.09  144.07      0    87.07  192.68  144.51      0
    33554432       4194304  bfloat16     sum      -1    139.9  239.82  179.86      0    139.9  239.85  179.89      0
    67108864       8388608  bfloat16     sum      -1    246.3  272.47  204.35      0    246.3  272.52  204.39      0
   134217728      16777216  bfloat16     sum      -1    451.8  297.04  222.78      0    453.4  296.06  222.04      0
# Out of bounds values : 0 OK
# Avg bus bandwidth    : 45.9159 
#

