# nThread 1 nGpus 1 minBytes 8 maxBytes 134217728 step: 2(factor) warmup iters: 100 iters: 1000 agg iters: 1 validation: 1 graph: 0
#
# Using devices
#  Rank  0 Group  0 Pid  31780 on   bjys1148 device  0 [0x2a] NVIDIA H20
#  Rank  1 Group  0 Pid  31781 on   bjys1148 device  1 [0x3a] NVIDIA H20
#
#                                                              out-of-place                       in-place          
#       size         count      type   redop    root     time   algbw   busbw #wrong     time   algbw   busbw #wrong
#        (B)    (elements)                               (us)  (GB/s)  (GB/s)            (us)  (GB/s)  (GB/s)       
           8             4      int8              -1    10.03    0.00    0.00      0     7.71    0.00    0.00      0
          16             8      int8              -1     9.89    0.00    0.00      0     7.71    0.00    0.00      0
          32            16      int8              -1     9.92    0.00    0.00      0     7.72    0.00    0.00      0
          64            32      int8              -1     9.94    0.00    0.00      0     7.72    0.00    0.00      0
         128            64      int8              -1     9.98    0.01    0.01      0     7.74    0.01    0.01      0
         256           128      int8              -1    10.03    0.01    0.01      0     7.74    0.02    0.02      0
         512           256      int8              -1    10.32    0.02    0.02      0     7.69    0.03    0.03      0
        1024           512      int8              -1    10.10    0.05    0.05      0     7.71    0.07    0.07      0
        2048          1024      int8              -1    10.10    0.10    0.10      0     7.76    0.13    0.13      0
        4096          2048      int8              -1    10.21    0.20    0.20      0     7.86    0.26    0.26      0
        8192          4096      int8              -1    10.68    0.38    0.38      0     8.30    0.49    0.49      0
       16384          8192      int8              -1    11.44    0.72    0.72      0     9.03    0.91    0.91      0
       32768         16384      int8              -1    12.95    1.27    1.27      0    10.81    1.52    1.52      0
       65536         32768      int8              -1    14.42    2.27    2.27      0    12.01    2.73    2.73      0
      131072         65536      int8              -1    16.24    4.04    4.04      0    14.20    4.61    4.61      0
      262144        131072      int8              -1    16.66    7.87    7.87      0    14.48    9.05    9.05      0
      524288        262144      int8              -1    16.87   15.54   15.54      0    14.96   17.52   17.52      0
     1048576        524288      int8              -1    17.84   29.38   29.38      0    15.38   34.08   34.08      0
     2097152       1048576      int8              -1    20.39   51.42   51.42      0    16.36   64.11   64.11      0
     4194304       2097152      int8              -1    26.30   79.73   79.73      0    21.67   96.76   96.76      0
     8388608       4194304      int8              -1    38.35  109.38  109.38      0    31.87  131.63  131.63      0
    16777216       8388608      int8              -1    61.26  136.93  136.93      0    51.09  164.21  164.21      0
    33554432      16777216      int8              -1    98.27  170.72  170.72      0    79.55  210.90  210.90      0
    67108864      33554432      int8              -1    171.3  195.87  195.87      0    136.2  246.34  246.34      0
   134217728      67108864      int8              -1    316.6  211.98  211.98      0    250.4  268.04  268.04      0
           8             4     uint8              -1     9.87    0.00    0.00      0     7.71    0.00    0.00      0
          16             8     uint8              -1     9.88    0.00    0.00      0     7.72    0.00    0.00      0
          32            16     uint8              -1     9.96    0.00    0.00      0     7.72    0.00    0.00      0
          64            32     uint8              -1     9.97    0.00    0.00      0     7.72    0.00    0.00      0
         128            64     uint8              -1     9.98    0.01    0.01      0     7.73    0.01    0.01      0
         256           128     uint8              -1    10.03    0.01    0.01      0     7.75    0.02    0.02      0
         512           256     uint8              -1    10.23    0.03    0.03      0     7.70    0.03    0.03      0
        1024           512     uint8              -1    10.23    0.05    0.05      0     7.70    0.07    0.07      0
        2048          1024     uint8              -1    10.09    0.10    0.10      0     7.76    0.13    0.13      0
        4096          2048     uint8              -1    10.22    0.20    0.20      0     7.85    0.26    0.26      0
        8192          4096     uint8              -1    10.68    0.38    0.38      0     8.31    0.49    0.49      0
       16384          8192     uint8              -1    11.46    0.71    0.71      0     9.04    0.91    0.91      0
       32768         16384     uint8              -1    12.95    1.27    1.27      0    10.78    1.52    1.52      0
       65536         32768     uint8              -1    14.41    2.27    2.27      0    11.98    2.74    2.74      0
      131072         65536     uint8              -1    16.37    4.00    4.00      0    14.15    4.63    4.63      0
      262144        131072     uint8              -1    16.76    7.82    7.82      0    14.45    9.07    9.07      0
      524288        262144     uint8              -1    16.96   15.45   15.45      0    14.93   17.56   17.56      0
     1048576        524288     uint8              -1    17.67   29.67   29.67      0    15.37   34.12   34.12      0
     2097152       1048576     uint8              -1    20.44   51.29   51.29      0    16.22   64.66   64.66      0
     4194304       2097152     uint8              -1    26.47   79.22   79.22      0    21.71   96.59   96.59      0
     8388608       4194304     uint8              -1    38.26  109.61  109.61      0    31.42  133.50  133.50      0
    16777216       8388608     uint8              -1    61.04  137.43  137.43      0    50.50  166.12  166.12      0
    33554432      16777216     uint8              -1    97.97  171.25  171.25      0    79.19  211.86  211.86      0
    67108864      33554432     uint8              -1    171.3  195.91  195.91      0    138.0  243.11  243.11      0
   134217728      67108864     uint8              -1    317.2  211.54  211.54      0    250.2  268.27  268.27      0
           0             0     int32              -1     6.99    0.00    0.00      0     6.99    0.00    0.00      0
           0             0     int32              -1     6.98    0.00    0.00      0     6.99    0.00    0.00      0
          32             4     int32              -1    10.04    0.00    0.00      0     7.72    0.00    0.00      0
          64             8     int32              -1     9.97    0.00    0.00      0     7.72    0.00    0.00      0
         128            16     int32              -1     9.98    0.01    0.01      0     7.75    0.01    0.01      0
         256            32     int32              -1    10.03    0.01    0.01      0     7.75    0.02    0.02      0
         512            64     int32              -1    10.34    0.02    0.02      0     7.69    0.03    0.03      0
        1024           128     int32              -1    10.10    0.05    0.05      0     7.71    0.07    0.07      0
        2048           256     int32              -1    10.09    0.10    0.10      0     7.74    0.13    0.13      0
        4096           512     int32              -1    10.20    0.20    0.20      0     7.86    0.26    0.26      0
        8192          1024     int32              -1    10.68    0.38    0.38      0     8.30    0.49    0.49      0
       16384          2048     int32              -1    11.58    0.71    0.71      0     9.02    0.91    0.91      0
       32768          4096     int32              -1    12.93    1.27    1.27      0    10.79    1.52    1.52      0
       65536          8192     int32              -1    14.45    2.27    2.27      0    11.97    2.74    2.74      0
      131072         16384     int32              -1    16.16    4.05    4.05      0    14.16    4.63    4.63      0
      262144         32768     int32              -1    16.68    7.86    7.86      0    14.58    8.99    8.99      0
      524288         65536     int32              -1    16.93   15.49   15.49      0    14.86   17.64   17.64      0
     1048576        131072     int32              -1    17.60   29.80   29.80      0    15.31   34.25   34.25      0
     2097152        262144     int32              -1    20.30   51.65   51.65      0    16.13   64.99   64.99      0
     4194304        524288     int32              -1    26.38   79.50   79.50      0    21.71   96.60   96.60      0
     8388608       1048576     int32              -1    38.35  109.36  109.36      0    31.81  131.85  131.85      0
    16777216       2097152     int32              -1    61.17  137.13  137.13      0    50.88  164.86  164.86      0
    33554432       4194304     int32              -1    98.35  170.59  170.59      0    79.54  210.93  210.93      0
    67108864       8388608     int32              -1    171.3  195.87  195.87      0    136.4  246.08  246.08      0
   134217728      16777216     int32              -1    316.7  211.91  211.91      0    250.1  268.36  268.36      0
           0             0    uint32              -1     7.00    0.00    0.00      0     6.99    0.00    0.00      0
           0             0    uint32              -1     6.99    0.00    0.00      0     6.98    0.00    0.00      0
          32             4    uint32              -1    10.04    0.00    0.00      0     7.71    0.00    0.00      0
          64             8    uint32              -1     9.94    0.00    0.00      0     7.72    0.00    0.00      0
         128            16    uint32              -1     9.96    0.01    0.01      0     7.74    0.01    0.01      0
         256            32    uint32              -1    10.06    0.01    0.01      0     7.76    0.02    0.02      0
         512            64    uint32              -1    10.23    0.03    0.03      0     7.69    0.03    0.03      0
        1024           128    uint32              -1    10.22    0.05    0.05      0     7.71    0.07    0.07      0
        2048           256    uint32              -1    10.10    0.10    0.10      0     7.76    0.13    0.13      0
        4096           512    uint32              -1    10.22    0.20    0.20      0     7.85    0.26    0.26      0
        8192          1024    uint32              -1    10.66    0.38    0.38      0     8.28    0.49    0.49      0
       16384          2048    uint32              -1    11.44    0.72    0.72      0     9.02    0.91    0.91      0
       32768          4096    uint32              -1    12.95    1.27    1.27      0    10.79    1.52    1.52      0
       65536          8192    uint32              -1    14.41    2.27    2.27      0    11.99    2.73    2.73      0
      131072         16384    uint32              -1    16.20    4.05    4.05      0    14.13    4.64    4.64      0
      262144         32768    uint32              -1    16.59    7.90    7.90      0    14.49    9.04    9.04      0
      524288         65536    uint32              -1    16.91   15.50   15.50      0    14.91   17.59   17.59      0
     1048576        131072    uint32              -1    17.67   29.68   29.68      0    15.40   34.04   34.04      0
     2097152        262144    uint32              -1    20.56   51.00   51.00      0    16.30   64.34   64.34      0
     4194304        524288    uint32              -1    26.33   79.64   79.64      0    21.66   96.81   96.81      0
     8388608       1048576    uint32              -1    38.36  109.35  109.35      0    31.47  133.29  133.29      0
    16777216       2097152    uint32              -1    61.00  137.51  137.51      0    50.53  166.02  166.02      0
    33554432       4194304    uint32              -1    97.99  171.21  171.21      0    79.21  211.81  211.81      0
    67108864       8388608    uint32              -1    171.4  195.82  195.82      0    136.5  245.86  245.86      0
   134217728      16777216    uint32              -1    317.4  211.43  211.43      0    250.2  268.27  268.27      0
           0             0     int64              -1     6.98    0.00    0.00      0     6.99    0.00    0.00      0
           0             0     int64              -1     6.98    0.00    0.00      0     6.98    0.00    0.00      0
           0             0     int64              -1     7.00    0.00    0.00      0     6.99    0.00    0.00      0
          64             4     int64              -1    10.07    0.00    0.00      0     7.74    0.00    0.00      0
         128             8     int64              -1     9.99    0.01    0.01      0     7.74    0.01    0.01      0
         256            16     int64              -1    10.04    0.01    0.01      0     7.76    0.02    0.02      0
         512            32     int64              -1    10.34    0.02    0.02      0     7.69    0.03    0.03      0
        1024            64     int64              -1    10.12    0.05    0.05      0     7.71    0.07    0.07      0
        2048           128     int64              -1    10.10    0.10    0.10      0     7.75    0.13    0.13      0
        4096           256     int64              -1    10.22    0.20    0.20      0     7.86    0.26    0.26      0
        8192           512     int64              -1    10.68    0.38    0.38      0     8.29    0.49    0.49      0
       16384          1024     int64              -1    11.46    0.71    0.71      0     9.02    0.91    0.91      0
       32768          2048     int64              -1    12.96    1.26    1.26      0    10.79    1.52    1.52      0
       65536          4096     int64              -1    14.38    2.28    2.28      0    11.94    2.74    2.74      0
      131072          8192     int64              -1    16.22    4.04    4.04      0    14.13    4.64    4.64      0
      262144         16384     int64              -1    16.65    7.87    7.87      0    14.59    8.98    8.98      0
      524288         32768     int64              -1    16.91   15.50   15.50      0    14.90   17.59   17.59      0
     1048576         65536     int64              -1    17.82   29.42   29.42      0    15.38   34.08   34.08      0
     2097152        131072     int64              -1    20.40   51.41   51.41      0    16.13   64.99   64.99      0
     4194304        262144     int64              -1    26.32   79.68   79.68      0    21.72   96.58   96.58      0
     8388608        524288     int64              -1    38.32  109.45  109.45      0    31.60  132.73  132.73      0
    16777216       1048576     int64              -1    61.31  136.82  136.82      0    50.95  164.65  164.65      0
    33554432       2097152     int64              -1    98.39  170.52  170.52      0    79.19  211.87  211.87      0
    67108864       4194304     int64              -1    171.4  195.77  195.77      0    135.9  246.90  246.90      0
   134217728       8388608     int64              -1    316.6  211.96  211.96      0    249.9  268.51  268.51      0
           0             0    uint64              -1     6.99    0.00    0.00      0     6.99    0.00    0.00      0
           0             0    uint64              -1     6.99    0.00    0.00      0     6.99    0.00    0.00      0
           0             0    uint64              -1     6.98    0.00    0.00      0     6.99    0.00    0.00      0
          64             4    uint64              -1    10.06    0.00    0.00      0     7.73    0.00    0.00      0
         128             8    uint64              -1     9.97    0.01    0.01      0     7.74    0.01    0.01      0
         256            16    uint64              -1    10.06    0.01    0.01      0     7.75    0.02    0.02      0
         512            32    uint64              -1    10.23    0.03    0.03      0     7.71    0.03    0.03      0
        1024            64    uint64              -1    10.22    0.05    0.05      0     7.71    0.07    0.07      0
        2048           128    uint64              -1    10.09    0.10    0.10      0     7.75    0.13    0.13      0
        4096           256    uint64              -1    10.22    0.20    0.20      0     7.85    0.26    0.26      0
        8192           512    uint64              -1    10.66    0.38    0.38      0     8.29    0.49    0.49      0
       16384          1024    uint64              -1    11.46    0.71    0.71      0     9.03    0.91    0.91      0
       32768          2048    uint64              -1    12.95    1.27    1.27      0    10.79    1.52    1.52      0
       65536          4096    uint64              -1    14.47    2.27    2.27      0    12.01    2.73    2.73      0
      131072          8192    uint64              -1    16.20    4.04    4.04      0    14.16    4.63    4.63      0
      262144         16384    uint64              -1    16.60    7.90    7.90      0    14.47    9.06    9.06      0
      524288         32768    uint64              -1    16.94   15.47   15.47      0    14.95   17.54   17.54      0
     1048576         65536    uint64              -1    17.67   29.67   29.67      0    15.38   34.09   34.09      0
     2097152        131072    uint64              -1    20.61   50.89   50.89      0    16.30   64.35   64.35      0
     4194304        262144    uint64              -1    26.34   79.61   79.61      0    21.69   96.69   96.69      0
     8388608        524288    uint64              -1    38.43  109.14  109.14      0    31.62  132.67  132.67      0
    16777216       1048576    uint64              -1    61.03  137.44  137.44      0    50.58  165.86  165.86      0
    33554432       2097152    uint64              -1    98.31  170.65  170.65      0    78.97  212.46  212.46      0
    67108864       4194304    uint64              -1    171.3  195.92  195.92      0    136.2  246.33  246.33      0
   134217728       8388608    uint64              -1    317.2  211.57  211.57      0    250.2  268.20  268.20      0
           0             0      half              -1     6.98    0.00    0.00      0     6.98    0.00    0.00      0
          16             4      half              -1     9.96    0.00    0.00      0     7.71    0.00    0.00      0
          32             8      half              -1     9.93    0.00    0.00      0     7.72    0.00    0.00      0
          64            16      half              -1     9.95    0.00    0.00      0     7.72    0.00    0.00      0
         128            32      half              -1     9.96    0.01    0.01      0     7.75    0.01    0.01      0
         256            64      half              -1    10.05    0.01    0.01      0     7.75    0.02    0.02      0
         512           128      half              -1    10.34    0.02    0.02      0     7.70    0.03    0.03      0
        1024           256      half              -1    10.11    0.05    0.05      0     7.70    0.07    0.07      0
        2048           512      half              -1    10.09    0.10    0.10      0     7.76    0.13    0.13      0
        4096          1024      half              -1    10.22    0.20    0.20      0     7.86    0.26    0.26      0
        8192          2048      half              -1    10.69    0.38    0.38      0     8.29    0.49    0.49      0
       16384          4096      half              -1    11.47    0.71    0.71      0     9.03    0.91    0.91      0
       32768          8192      half              -1    12.95    1.27    1.27      0    10.79    1.52    1.52      0
       65536         16384      half              -1    14.38    2.28    2.28      0    11.95    2.74    2.74      0
      131072         32768      half              -1    16.47    3.98    3.98      0    14.10    4.65    4.65      0
      262144         65536      half              -1    16.79    7.80    7.80      0    14.48    9.05    9.05      0
      524288        131072      half              -1    17.03   15.39   15.39      0    14.90   17.60   17.60      0
     1048576        262144      half              -1    17.62   29.75   29.75      0    15.35   34.16   34.16      0
     2097152        524288      half              -1    20.51   51.13   51.13      0    16.18   64.79   64.79      0
     4194304       1048576      half              -1    26.27   79.84   79.84      0    21.69   96.68   96.68      0
     8388608       2097152      half              -1    38.53  108.86  108.86      0    31.76  132.06  132.06      0
    16777216       4194304      half              -1    61.34  136.75  136.75      0    51.21  163.79  163.79      0
    33554432       8388608      half              -1    98.34  170.60  170.60      0    79.35  211.43  211.43      0
    67108864      16777216      half              -1    171.3  195.91  195.91      0    136.5  245.79  245.79      0
   134217728      33554432      half              -1    316.8  211.86  211.86      0    250.0  268.39  268.39      0
           0             0     float              -1     6.99    0.00    0.00      0     6.99    0.00    0.00      0
           0             0     float              -1     6.98    0.00    0.00      0     6.99    0.00    0.00      0
          32             4     float              -1    10.02    0.00    0.00      0     7.71    0.00    0.00      0
          64             8     float              -1     9.96    0.00    0.00      0     7.72    0.00    0.00      0
         128            16     float              -1     9.98    0.01    0.01      0     7.75    0.01    0.01      0
         256            32     float              -1    10.04    0.01    0.01      0     7.75    0.02    0.02      0
         512            64     float              -1    10.23    0.03    0.03      0     7.69    0.03    0.03      0
        1024           128     float              -1    10.22    0.05    0.05      0     7.72    0.07    0.07      0
        2048           256     float              -1    10.12    0.10    0.10      0     7.76    0.13    0.13      0
        4096           512     float              -1    10.20    0.20    0.20      0     7.85    0.26    0.26      0
        8192          1024     float              -1    10.68    0.38    0.38      0     8.29    0.49    0.49      0
       16384          2048     float              -1    11.44    0.72    0.72      0     9.03    0.91    0.91      0
       32768          4096     float              -1    12.95    1.27    1.27      0    10.78    1.52    1.52      0
       65536          8192     float              -1    14.40    2.28    2.28      0    12.00    2.73    2.73      0
      131072         16384     float              -1    16.30    4.02    4.02      0    14.14    4.63    4.63      0
      262144         32768     float              -1    16.64    7.88    7.88      0    14.50    9.04    9.04      0
      524288         65536     float              -1    16.97   15.45   15.45      0    14.92   17.57   17.57      0
     1048576        131072     float              -1    17.66   29.69   29.69      0    15.36   34.13   34.13      0
     2097152        262144     float              -1    20.32   51.61   51.61      0    16.29   64.36   64.36      0
     4194304        524288     float              -1    26.34   79.62   79.62      0    21.58   97.19   97.19      0
     8388608       1048576     float              -1    38.39  109.25  109.25      0    31.58  132.82  132.82      0
    16777216       2097152     float              -1    61.05  137.40  137.40      0    50.20  167.10  167.10      0
    33554432       4194304     float              -1    97.99  171.22  171.22      0    79.25  211.70  211.70      0
    67108864       8388608     float              -1    171.4  195.73  195.73      0    137.4  244.26  244.26      0
   134217728      16777216     float              -1    317.5  211.38  211.38      0    250.7  267.71  267.71      0
           0             0    double              -1     6.82    0.00    0.00      0     6.82    0.00    0.00      0
           0             0    double              -1     6.82    0.00    0.00      0     6.82    0.00    0.00      0
           0             0    double              -1     6.82    0.00    0.00      0     6.82    0.00    0.00      0
          64             4    double              -1    10.07    0.00    0.00      0     7.73    0.00    0.00      0
         128             8    double              -1     9.99    0.01    0.01      0     7.74    0.01    0.01      0
         256            16    double              -1    10.03    0.01    0.01      0     7.74    0.02    0.02      0
         512            32    double              -1    10.34    0.02    0.02      0     7.69    0.03    0.03      0
        1024            64    double              -1    10.12    0.05    0.05      0     7.71    0.07    0.07      0
        2048           128    double              -1    10.10    0.10    0.10      0     7.75    0.13    0.13      0
        4096           256    double              -1    10.20    0.20    0.20      0     7.85    0.26    0.26      0
        8192           512    double              -1    10.68    0.38    0.38      0     8.31    0.49    0.49      0
       16384          1024    double              -1    11.44    0.72    0.72      0     9.03    0.91    0.91      0
       32768          2048    double              -1    12.94    1.27    1.27      0    10.79    1.52    1.52      0
       65536          4096    double              -1    14.41    2.27    2.27      0    11.99    2.73    2.73      0
      131072          8192    double              -1    16.20    4.04    4.04      0    14.18    4.62    4.62      0
      262144         16384    double              -1    16.74    7.83    7.83      0    14.45    9.07    9.07      0
      524288         32768    double              -1    16.97   15.45   15.45      0    14.80   17.71   17.71      0
     1048576         65536    double              -1    17.68   29.66   29.66      0    15.36   34.14   34.14      0
     2097152        131072    double              -1    20.34   51.56   51.56      0    16.22   64.67   64.67      0
     4194304        262144    double              -1    26.35   79.59   79.59      0    21.67   96.80   96.80      0
     8388608        524288    double              -1    38.34  109.39  109.39      0    31.89  131.51  131.51      0
    16777216       1048576    double              -1    61.21  137.06  137.06      0    50.77  165.21  165.21      0
    33554432       2097152    double              -1    98.37  170.55  170.55      0    79.53  210.96  210.96      0
    67108864       4194304    double              -1    171.3  195.83  195.83      0    136.1  246.47  246.47      0
   134217728       8388608    double              -1    316.8  211.81  211.81      0    250.0  268.47  268.47      0
           0             0  bfloat16              -1     6.98    0.00    0.00      0     6.99    0.00    0.00      0
          16             4  bfloat16              -1     9.96    0.00    0.00      0     7.72    0.00    0.00      0
          32             8  bfloat16              -1     9.95    0.00    0.00      0     7.72    0.00    0.00      0
          64            16  bfloat16              -1     9.95    0.00    0.00      0     7.73    0.00    0.00      0
         128            32  bfloat16              -1     9.98    0.01    0.01      0     7.75    0.01    0.01      0
         256            64  bfloat16              -1    10.04    0.01    0.01      0     7.75    0.02    0.02      0
         512           128  bfloat16              -1    10.24    0.03    0.03      0     7.70    0.03    0.03      0
        1024           256  bfloat16              -1    10.22    0.05    0.05      0     7.71    0.07    0.07      0
        2048           512  bfloat16              -1    10.09    0.10    0.10      0     7.75    0.13    0.13      0
        4096          1024  bfloat16              -1    10.20    0.20    0.20      0     7.85    0.26    0.26      0
        8192          2048  bfloat16              -1    10.68    0.38    0.38      0     8.29    0.49    0.49      0
       16384          4096  bfloat16              -1    11.45    0.72    0.72      0     9.04    0.91    0.91      0
       32768          8192  bfloat16              -1    12.95    1.27    1.27      0    10.78    1.52    1.52      0
       65536         16384  bfloat16              -1    14.43    2.27    2.27      0    11.99    2.73    2.73      0
      131072         32768  bfloat16              -1    16.20    4.05    4.05      0    14.09    4.65    4.65      0
      262144         65536  bfloat16              -1    16.66    7.87    7.87      0    14.46    9.06    9.06      0
      524288        131072  bfloat16              -1    16.94   15.47   15.47      0    14.81   17.70   17.70      0
     1048576        262144  bfloat16              -1    17.74   29.55   29.55      0    15.36   34.13   34.13      0
     2097152        524288  bfloat16              -1    20.37   51.49   51.49      0    16.17   64.86   64.86      0
     4194304       1048576  bfloat16              -1    26.34   79.62   79.62      0    21.66   96.82   96.82      0
     8388608       2097152  bfloat16              -1    38.32  109.46  109.46      0    31.72  132.22  132.22      0
    16777216       4194304  bfloat16              -1    61.00  137.51  137.51      0    50.20  167.09  167.09      0
    33554432       8388608  bfloat16              -1    98.01  171.19  171.19      0    79.17  211.91  211.91      0
    67108864      16777216  bfloat16              -1    171.5  195.70  195.70      0    136.4  246.01  246.01      0
   134217728      33554432  bfloat16              -1    317.4  211.45  211.45      0    250.6  267.78  267.78      0
# Out of bounds values : 0 OK
# Avg bus bandwidth    : 45.4847 
#

