# nThread 1 nGpus 1 minBytes 8 maxBytes 134217728 step: 2(factor) warmup iters: 100 iters: 1000 agg iters: 1 validation: 1 graph: 0
#
# Using devices
#  Rank  0 Group  0 Pid  29615 on   bjys1148 device  0 [0x2a] NVIDIA H20
#  Rank  1 Group  0 Pid  29616 on   bjys1148 device  1 [0x3a] NVIDIA H20
#  Rank  2 Group  0 Pid  29617 on   bjys1148 device  2 [0x4c] NVIDIA H20
#  Rank  3 Group  0 Pid  29618 on   bjys1148 device  3 [0x5c] NVIDIA H20
#  Rank  4 Group  0 Pid  29620 on   bjys1148 device  4 [0xaa] NVIDIA H20
#  Rank  5 Group  0 Pid  29623 on   bjys1148 device  5 [0xba] NVIDIA H20
#  Rank  6 Group  0 Pid  29626 on   bjys1148 device  6 [0xca] NVIDIA H20
#  Rank  7 Group  0 Pid  29629 on   bjys1148 device  7 [0xda] NVIDIA H20
#
#                                                              out-of-place                       in-place          
#       size         count      type   redop    root     time   algbw   busbw #wrong     time   algbw   busbw #wrong
#        (B)    (elements)                               (us)  (GB/s)  (GB/s)            (us)  (GB/s)  (GB/s)       
           8             8      int8     sum      -1    16.35    0.00    0.00      0    14.44    0.00    0.00      0
          16            16      int8     sum      -1    14.52    0.00    0.00      0    14.50    0.00    0.00      0
          32            32      int8     sum      -1    14.61    0.00    0.00      0    14.58    0.00    0.00      0
          64            64      int8     sum      -1    14.79    0.00    0.01      0    14.69    0.00    0.01      0
         128           128      int8     sum      -1    14.88    0.01    0.02      0    14.79    0.01    0.02      0
         256           256      int8     sum      -1    16.31    0.02    0.03      0    14.93    0.02    0.03      0
         512           512      int8     sum      -1    15.73    0.03    0.06      0    14.99    0.03    0.06      0
        1024          1024      int8     sum      -1    15.96    0.06    0.11      0    15.64    0.07    0.11      0
        2048          2048      int8     sum      -1    17.01    0.12    0.21      0    16.89    0.12    0.21      0
        4096          4096      int8     sum      -1    18.29    0.22    0.39      0    17.78    0.23    0.40      0
        8192          8192      int8     sum      -1    18.86    0.43    0.76      0    18.16    0.45    0.79      0
       16384         16384      int8     sum      -1    19.48    0.84    1.47      0    18.84    0.87    1.52      0
       32768         32768      int8     sum      -1    22.75    1.44    2.52      0    22.61    1.45    2.54      0
       65536         65536      int8     sum      -1    23.44    2.80    4.89      0    23.56    2.78    4.87      0
      131072        131072      int8     sum      -1    23.81    5.50    9.63      0    23.76    5.52    9.65      0
      262144        262144      int8     sum      -1    23.98   10.93   19.13      0    23.96   10.94   19.15      0
      524288        524288      int8     sum      -1    24.21   21.65   37.89      0    24.21   21.66   37.90      0
     1048576       1048576      int8     sum      -1    29.44   35.61   62.32      0    29.46   35.59   62.29      0
     2097152       2097152      int8     sum      -1    44.05   47.60   83.31      0    43.95   47.71   83.50      0
     4194304       4194304      int8     sum      -1    49.82   84.18  147.32      0    49.02   85.57  149.75      0
     8388608       8388608      int8     sum      -1    74.99  111.86  195.75      0    74.32  112.87  197.52      0
    16777216      16777216      int8     sum      -1    116.8  143.67  251.43      0    115.1  145.76  255.07      0
    33554432      33554432      int8     sum      -1    211.1  158.92  278.12      0    212.9  157.62  275.83      0
    67108864      67108864      int8     sum      -1    365.4  183.64  321.37      0    365.5  183.62  321.33      0
   134217728     134217728      int8     sum      -1    716.2  187.40  327.96      0    716.7  187.28  327.74      0
           8             8     uint8     sum      -1    14.48    0.00    0.00      0    14.48    0.00    0.00      0
          16            16     uint8     sum      -1    14.52    0.00    0.00      0    14.49    0.00    0.00      0
          32            32     uint8     sum      -1    14.62    0.00    0.00      0    14.56    0.00    0.00      0
          64            64     uint8     sum      -1    14.80    0.00    0.01      0    14.67    0.00    0.01      0
         128           128     uint8     sum      -1    14.89    0.01    0.02      0    14.77    0.01    0.02      0
         256           256     uint8     sum      -1    16.33    0.02    0.03      0    14.92    0.02    0.03      0
         512           512     uint8     sum      -1    15.76    0.03    0.06      0    14.98    0.03    0.06      0
        1024          1024     uint8     sum      -1    15.92    0.06    0.11      0    15.63    0.07    0.11      0
        2048          2048     uint8     sum      -1    17.00    0.12    0.21      0    16.88    0.12    0.21      0
        4096          4096     uint8     sum      -1    18.31    0.22    0.39      0    17.78    0.23    0.40      0
        8192          8192     uint8     sum      -1    18.84    0.43    0.76      0    18.17    0.45    0.79      0
       16384         16384     uint8     sum      -1    19.48    0.84    1.47      0    18.85    0.87    1.52      0
       32768         32768     uint8     sum      -1    22.73    1.44    2.52      0    22.61    1.45    2.54      0
       65536         65536     uint8     sum      -1    23.44    2.80    4.89      0    23.55    2.78    4.87      0
      131072        131072     uint8     sum      -1    23.77    5.51    9.65      0    23.73    5.52    9.67      0
      262144        262144     uint8     sum      -1    23.93   10.95   19.17      0    23.93   10.95   19.17      0
      524288        524288     uint8     sum      -1    24.19   21.67   37.93      0    24.13   21.73   38.02      0
     1048576       1048576     uint8     sum      -1    29.49   35.56   62.22      0    29.42   35.64   62.37      0
     2097152       2097152     uint8     sum      -1    44.08   47.58   83.26      0    44.25   47.40   82.95      0
     4194304       4194304     uint8     sum      -1    49.39   84.93  148.62      0    49.16   85.31  149.30      0
     8388608       8388608     uint8     sum      -1    74.78  112.18  196.31      0    73.83  113.62  198.84      0
    16777216      16777216     uint8     sum      -1    116.8  143.67  251.42      0    115.4  145.37  254.39      0
    33554432      33554432     uint8     sum      -1    208.3  161.12  281.96      0    212.9  157.58  275.77      0
    67108864      67108864     uint8     sum      -1    365.1  183.81  321.66      0    364.8  183.95  321.91      0
   134217728     134217728     uint8     sum      -1    715.5  187.59  328.29      0    712.9  188.27  329.47      0
           8             2     int32     sum      -1    23.67    0.00    0.00      0    23.63    0.00    0.00      0
          16             4     int32     sum      -1    22.51    0.00    0.00      0    22.36    0.00    0.00      0
          32             8     int32     sum      -1    22.37    0.00    0.00      0    22.37    0.00    0.00      0
          64            16     int32     sum      -1    22.40    0.00    0.00      0    22.37    0.00    0.01      0
         128            32     int32     sum      -1    22.37    0.01    0.01      0    22.37    0.01    0.01      0
         256            64     int32     sum      -1    22.33    0.01    0.02      0    22.33    0.01    0.02      0
         512           128     int32     sum      -1    22.50    0.02    0.04      0    22.25    0.02    0.04      0
        1024           256     int32     sum      -1    23.15    0.04    0.08      0    23.15    0.04    0.08      0
        2048           512     int32     sum      -1    22.37    0.09    0.16      0    22.37    0.09    0.16      0
        4096          1024     int32     sum      -1    22.06    0.19    0.32      0    21.94    0.19    0.33      0
        8192          2048     int32     sum      -1    22.75    0.36    0.63      0    22.67    0.36    0.63      0
       16384          4096     int32     sum      -1    23.09    0.71    1.24      0    22.98    0.71    1.25      0
       32768          8192     int32     sum      -1    23.46    1.40    2.44      0    23.37    1.40    2.45      0
       65536         16384     int32     sum      -1    24.12    2.72    4.76      0    24.07    2.72    4.77      0
      131072         32768     int32     sum      -1    25.71    5.10    8.92      0    25.63    5.11    8.95      0
      262144         65536     int32     sum      -1    28.72    9.13   15.97      0    28.27    9.27   16.23      0
      524288        131072     int32     sum      -1    34.08   15.38   26.92      0    33.59   15.61   27.32      0
     1048576        262144     int32     sum      -1    36.41   28.80   50.40      0    36.29   28.89   50.56      0
     2097152        524288     int32     sum      -1    41.52   50.51   88.40      0    41.30   50.78   88.86      0
     4194304       1048576     int32     sum      -1    52.69   79.60  139.29      0    52.66   79.65  139.39      0
     8388608       2097152     int32     sum      -1    79.00  106.18  185.82      0    78.58  106.75  186.82      0
    16777216       4194304     int32     sum      -1    116.0  144.69  253.21      0    114.9  145.96  255.43      0
    33554432       8388608     int32     sum      -1    184.1  182.30  319.03      0    183.9  182.42  319.23      0
    67108864      16777216     int32     sum      -1    315.8  212.49  371.86      0    316.0  212.36  371.62      0
   134217728      33554432     int32     sum      -1    565.0  237.57  415.75      0    565.9  237.17  415.05      0
           8             2    uint32     sum      -1    23.64    0.00    0.00      0    23.61    0.00    0.00      0
          16             4    uint32     sum      -1    22.38    0.00    0.00      0    22.41    0.00    0.00      0
          32             8    uint32     sum      -1    22.39    0.00    0.00      0    22.38    0.00    0.00      0
          64            16    uint32     sum      -1    22.42    0.00    0.00      0    22.41    0.00    0.00      0
         128            32    uint32     sum      -1    22.41    0.01    0.01      0    22.40    0.01    0.01      0
         256            64    uint32     sum      -1    22.45    0.01    0.02      0    22.46    0.01    0.02      0
         512           128    uint32     sum      -1    22.61    0.02    0.04      0    22.39    0.02    0.04      0
        1024           256    uint32     sum      -1    23.29    0.04    0.08      0    23.29    0.04    0.08      0
        2048           512    uint32     sum      -1    22.49    0.09    0.16      0    22.49    0.09    0.16      0
        4096          1024    uint32     sum      -1    22.09    0.19    0.32      0    21.98    0.19    0.33      0
        8192          2048    uint32     sum      -1    22.74    0.36    0.63      0    22.71    0.36    0.63      0
       16384          4096    uint32     sum      -1    23.06    0.71    1.24      0    22.89    0.72    1.25      0
       32768          8192    uint32     sum      -1    23.48    1.40    2.44      0    23.42    1.40    2.45      0
       65536         16384    uint32     sum      -1    24.14    2.71    4.75      0    24.05    2.72    4.77      0
      131072         32768    uint32     sum      -1    25.72    5.10    8.92      0    25.68    5.10    8.93      0
      262144         65536    uint32     sum      -1    28.57    9.17   16.06      0    28.43    9.22   16.14      0
      524288        131072    uint32     sum      -1    33.84   15.49   27.11      0    33.67   15.57   27.25      0
     1048576        262144    uint32     sum      -1    36.68   28.59   50.03      0    36.55   28.69   50.21      0
     2097152        524288    uint32     sum      -1    41.76   50.21   87.87      0    41.58   50.44   88.27      0
     4194304       1048576    uint32     sum      -1    53.13   78.94  138.15      0    52.79   79.45  139.04      0
     8388608       2097152    uint32     sum      -1    79.61  105.37  184.40      0    79.08  106.07  185.63      0
    16777216       4194304    uint32     sum      -1    116.7  143.75  251.57      0    115.7  144.97  253.70      0
    33554432       8388608    uint32     sum      -1    185.3  181.11  316.94      0    185.2  181.21  317.11      0
    67108864      16777216    uint32     sum      -1    319.5  210.04  367.57      0    319.4  210.09  367.65      0
   134217728      33554432    uint32     sum      -1    570.7  235.19  411.57      0    572.3  234.54  410.45      0
           8             1     int64     sum      -1    24.04    0.00    0.00      0    24.19    0.00    0.00      0
          16             2     int64     sum      -1    22.70    0.00    0.00      0    22.69    0.00    0.00      0
          32             4     int64     sum      -1    22.70    0.00    0.00      0    22.72    0.00    0.00      0
          64             8     int64     sum      -1    22.70    0.00    0.00      0    22.68    0.00    0.00      0
         128            16     int64     sum      -1    22.73    0.01    0.01      0    23.01    0.01    0.01      0
         256            32     int64     sum      -1    22.76    0.01    0.02      0    22.77    0.01    0.02      0
         512            64     int64     sum      -1    23.03    0.02    0.04      0    22.81    0.02    0.04      0
        1024           128     int64     sum      -1    22.84    0.04    0.08      0    22.86    0.04    0.08      0
        2048           256     int64     sum      -1    22.70    0.09    0.16      0    22.71    0.09    0.16      0
        4096           512     int64     sum      -1    22.65    0.18    0.32      0    22.66    0.18    0.32      0
        8192          1024     int64     sum      -1    23.33    0.35    0.61      0    23.28    0.35    0.62      0
       16384          2048     int64     sum      -1    23.33    0.70    1.23      0    23.21    0.71    1.24      0
       32768          4096     int64     sum      -1    23.87    1.37    2.40      0    23.89    1.37    2.40      0
       65536          8192     int64     sum      -1    24.62    2.66    4.66      0    24.53    2.67    4.67      0
      131072         16384     int64     sum      -1    25.89    5.06    8.86      0    25.80    5.08    8.89      0
      262144         32768     int64     sum      -1    28.55    9.18   16.07      0    28.41    9.23   16.15      0
      524288         65536     int64     sum      -1    33.87   15.48   27.09      0    33.70   15.56   27.22      0
     1048576        131072     int64     sum      -1    36.50   28.73   50.28      0    36.41   28.80   50.40      0
     2097152        262144     int64     sum      -1    41.73   50.25   87.94      0    41.54   50.49   88.36      0
     4194304        524288     int64     sum      -1    52.90   79.29  138.76      0    52.55   79.81  139.67      0
     8388608       1048576     int64     sum      -1    79.15  105.98  185.46      0    78.70  106.58  186.52      0
    16777216       2097152     int64     sum      -1    116.2  144.44  252.77      0    115.0  145.94  255.39      0
    33554432       4194304     int64     sum      -1    184.4  181.94  318.39      0    184.4  181.94  318.40      0
    67108864       8388608     int64     sum      -1    314.3  213.52  373.66      0    314.5  213.38  373.41      0
   134217728      16777216     int64     sum      -1    563.6  238.13  416.73      0    564.1  237.94  416.39      0
           8             1    uint64     sum      -1    24.16    0.00    0.00      0    24.16    0.00    0.00      0
          16             2    uint64     sum      -1    22.71    0.00    0.00      0    22.69    0.00    0.00      0
          32             4    uint64     sum      -1    22.69    0.00    0.00      0    22.69    0.00    0.00      0
          64             8    uint64     sum      -1    22.69    0.00    0.00      0    22.69    0.00    0.00      0
         128            16    uint64     sum      -1    22.73    0.01    0.01      0    22.73    0.01    0.01      0
         256            32    uint64     sum      -1    22.75    0.01    0.02      0    22.73    0.01    0.02      0
         512            64    uint64     sum      -1    23.02    0.02    0.04      0    22.81    0.02    0.04      0
        1024           128    uint64     sum      -1    22.86    0.04    0.08      0    22.84    0.04    0.08      0
        2048           256    uint64     sum      -1    22.71    0.09    0.16      0    22.71    0.09    0.16      0
        4096           512    uint64     sum      -1    22.64    0.18    0.32      0    22.63    0.18    0.32      0
        8192          1024    uint64     sum      -1    23.30    0.35    0.62      0    23.34    0.35    0.61      0
       16384          2048    uint64     sum      -1    23.35    0.70    1.23      0    23.29    0.70    1.23      0
       32768          4096    uint64     sum      -1    23.89    1.37    2.40      0    23.89    1.37    2.40      0
       65536          8192    uint64     sum      -1    24.61    2.66    4.66      0    24.51    2.67    4.68      0
      131072         16384    uint64     sum      -1    25.92    5.06    8.85      0    25.83    5.07    8.88      0
      262144         32768    uint64     sum      -1    28.67    9.14   16.00      0    28.55    9.18   16.07      0
      524288         65536    uint64     sum      -1    33.91   15.46   27.06      0    33.79   15.52   27.15      0
     1048576        131072    uint64     sum      -1    36.78   28.51   49.89      0    36.65   28.61   50.07      0
     2097152        262144    uint64     sum      -1    42.01   49.92   87.35      0    41.79   50.18   87.82      0
     4194304        524288    uint64     sum      -1    53.35   78.62  137.58      0    52.98   79.17  138.54      0
     8388608       1048576    uint64     sum      -1    79.69  105.26  184.21      0    79.22  105.90  185.32      0
    16777216       2097152    uint64     sum      -1    116.4  144.11  252.20      0    116.0  144.64  253.12      0
    33554432       4194304    uint64     sum      -1    185.6  180.83  316.46      0    185.5  180.85  316.49      0
    67108864       8388608    uint64     sum      -1    318.6  210.67  368.66      0    317.8  211.18  369.57      0
   134217728      16777216    uint64     sum      -1    570.0  235.48  412.09      0    569.5  235.66  412.41      0
           8             4      half     sum      -1    24.74    0.00    0.00      0    24.78    0.00    0.00      0
          16             8      half     sum      -1    23.22    0.00    0.00      0    23.20    0.00    0.00      0
          32            16      half     sum      -1    23.20    0.00    0.00      0    23.19    0.00    0.00      0
          64            32      half     sum      -1    23.20    0.00    0.00      0    23.19    0.00    0.00      0
         128            64      half     sum      -1    23.23    0.01    0.01      0    23.21    0.01    0.01      0
         256           128      half     sum      -1    23.28    0.01    0.02      0    23.29    0.01    0.02      0
         512           256      half     sum      -1    23.48    0.02    0.04      0    23.27    0.02    0.04      0
        1024           512      half     sum      -1    23.36    0.04    0.08      0    23.33    0.04    0.08      0
        2048          1024      half     sum      -1    23.37    0.09    0.15      0    23.38    0.09    0.15      0
        4096          2048      half     sum      -1    23.12    0.18    0.31      0    23.11    0.18    0.31      0
        8192          4096      half     sum      -1    23.83    0.34    0.60      0    23.76    0.34    0.60      0
       16384          8192      half     sum      -1    23.71    0.69    1.21      0    23.84    0.69    1.20      0
       32768         16384      half     sum      -1    24.25    1.35    2.36      0    24.22    1.35    2.37      0
       65536         32768      half     sum      -1    25.06    2.62    4.58      0    24.99    2.62    4.59      0
      131072         65536      half     sum      -1    26.23    5.00    8.75      0    26.13    5.02    8.78      0
      262144        131072      half     sum      -1    28.79    9.11   15.93      0    28.67    9.14   16.00      0
      524288        262144      half     sum      -1    34.25   15.31   26.79      0    34.11   15.37   26.90      0
     1048576        524288      half     sum      -1    36.88   28.43   49.75      0    36.76   28.52   49.91      0
     2097152       1048576      half     sum      -1    43.91   47.76   83.58      0    43.71   47.97   83.95      0
     4194304       2097152      half     sum      -1    56.37   74.40  130.20      0    56.02   74.87  131.03      0
     8388608       4194304      half     sum      -1    84.71   99.02  173.29      0    84.21   99.61  174.32      0
    16777216       8388608      half     sum      -1    126.0  133.15  233.01      0    125.6  133.59  233.77      0
    33554432      16777216      half     sum      -1    200.1  167.70  293.47      0    200.2  167.64  293.37      0
    67108864      33554432      half     sum      -1    324.7  206.66  361.65      0    324.8  206.59  361.54      0
   134217728      67108864      half     sum      -1    578.7  231.91  405.85      0    579.7  231.52  405.15      0
           8             2     float     sum      -1    24.43    0.00    0.00      0    24.38    0.00    0.00      0
          16             4     float     sum      -1    22.80    0.00    0.00      0    22.81    0.00    0.00      0
          32             8     float     sum      -1    22.80    0.00    0.00      0    22.80    0.00    0.00      0
          64            16     float     sum      -1    22.80    0.00    0.00      0    22.79    0.00    0.00      0
         128            32     float     sum      -1    22.84    0.01    0.01      0    22.82    0.01    0.01      0
         256            64     float     sum      -1    22.89    0.01    0.02      0    23.15    0.01    0.02      0
         512           128     float     sum      -1    23.11    0.02    0.04      0    22.89    0.02    0.04      0
        1024           256     float     sum      -1    23.02    0.04    0.08      0    23.01    0.04    0.08      0
        2048           512     float     sum      -1    23.06    0.09    0.16      0    23.07    0.09    0.16      0
        4096          1024     float     sum      -1    22.74    0.18    0.32      0    23.03    0.18    0.31      0
        8192          2048     float     sum      -1    23.27    0.35    0.62      0    23.29    0.35    0.62      0
       16384          4096     float     sum      -1    23.22    0.71    1.23      0    23.20    0.71    1.24      0
       32768          8192     float     sum      -1    23.65    1.39    2.42      0    23.59    1.39    2.43      0
       65536         16384     float     sum      -1    24.33    2.69    4.71      0    24.29    2.70    4.72      0
      131072         32768     float     sum      -1    25.85    5.07    8.87      0    25.80    5.08    8.89      0
      262144         65536     float     sum      -1    28.68    9.14   15.99      0    28.57    9.18   16.06      0
      524288        131072     float     sum      -1    33.95   15.44   27.02      0    33.81   15.51   27.14      0
     1048576        262144     float     sum      -1    36.81   28.49   49.85      0    36.69   28.58   50.01      0
     2097152        524288     float     sum      -1    43.69   48.00   83.99      0    43.46   48.25   84.44      0
     4194304       1048576     float     sum      -1    56.35   74.43  130.25      0    56.08   74.79  130.87      0
     8388608       2097152     float     sum      -1    84.82   98.90  173.07      0    84.24   99.58  174.27      0
    16777216       4194304     float     sum      -1    126.3  132.80  232.41      0    125.4  133.76  234.08      0
    33554432       8388608     float     sum      -1    199.2  168.46  294.80      0    199.5  168.18  294.31      0
    67108864      16777216     float     sum      -1    325.1  206.41  361.22      0    325.0  206.51  361.39      0
   134217728      33554432     float     sum      -1    576.8  232.70  407.23      0    576.8  232.68  407.19      0
           8             1    double     sum      -1    23.72    0.00    0.00      0    23.82    0.00    0.00      0
          16             2    double     sum      -1    22.55    0.00    0.00      0    22.60    0.00    0.00      0
          32             4    double     sum      -1    22.54    0.00    0.00      0    22.54    0.00    0.00      0
          64             8    double     sum      -1    22.55    0.00    0.00      0    22.54    0.00    0.00      0
         128            16    double     sum      -1    22.57    0.01    0.01      0    22.62    0.01    0.01      0
         256            32    double     sum      -1    22.60    0.01    0.02      0    22.66    0.01    0.02      0
         512            64    double     sum      -1    22.89    0.02    0.04      0    22.67    0.02    0.04      0
        1024           128    double     sum      -1    22.69    0.05    0.08      0    22.69    0.05    0.08      0
        2048           256    double     sum      -1    22.53    0.09    0.16      0    22.56    0.09    0.16      0
        4096           512    double     sum      -1    22.76    0.18    0.31      0    22.50    0.18    0.32      0
        8192          1024    double     sum      -1    23.10    0.35    0.62      0    23.03    0.36    0.62      0
       16384          2048    double     sum      -1    23.28    0.70    1.23      0    23.18    0.71    1.24      0
       32768          4096    double     sum      -1    23.76    1.38    2.41      0    23.71    1.38    2.42      0
       65536          8192    double     sum      -1    24.38    2.69    4.70      0    24.34    2.69    4.71      0
      131072         16384    double     sum      -1    25.90    5.06    8.85      0    25.82    5.08    8.89      0
      262144         32768    double     sum      -1    28.58    9.17   16.05      0    28.47    9.21   16.11      0
      524288         65536    double     sum      -1    33.90   15.47   27.06      0    33.74   15.54   27.19      0
     1048576        131072    double     sum      -1    36.57   28.68   50.18      0    36.43   28.78   50.37      0
     2097152        262144    double     sum      -1    41.77   50.21   87.86      0    41.61   50.40   88.20      0
     4194304        524288    double     sum      -1    52.84   79.38  138.92      0    52.52   79.87  139.76      0
     8388608       1048576    double     sum      -1    79.14  106.00  185.51      0    78.62  106.70  186.73      0
    16777216       2097152    double     sum      -1    115.9  144.80  253.41      0    115.0  145.89  255.30      0
    33554432       4194304    double     sum      -1    184.5  181.84  318.22      0    184.4  181.96  318.42      0
    67108864       8388608    double     sum      -1    314.7  213.27  373.22      0    314.6  213.34  373.35      0
   134217728      16777216    double     sum      -1    564.9  237.58  415.77      0    564.2  237.89  416.31      0
           8             4  bfloat16     sum      -1    24.67    0.00    0.00      0    24.66    0.00    0.00      0
          16             8  bfloat16     sum      -1    23.10    0.00    0.00      0    23.08    0.00    0.00      0
          32            16  bfloat16     sum      -1    23.11    0.00    0.00      0    23.08    0.00    0.00      0
          64            32  bfloat16     sum      -1    23.09    0.00    0.00      0    23.08    0.00    0.00      0
         128            64  bfloat16     sum      -1    23.09    0.01    0.01      0    23.09    0.01    0.01      0
         256           128  bfloat16     sum      -1    23.17    0.01    0.02      0    23.16    0.01    0.02      0
         512           256  bfloat16     sum      -1    23.40    0.02    0.04      0    23.16    0.02    0.04      0
        1024           512  bfloat16     sum      -1    23.22    0.04    0.08      0    23.20    0.04    0.08      0
        2048          1024  bfloat16     sum      -1    23.29    0.09    0.15      0    23.29    0.09    0.15      0
        4096          2048  bfloat16     sum      -1    22.92    0.18    0.31      0    22.93    0.18    0.31      0
        8192          4096  bfloat16     sum      -1    23.51    0.35    0.61      0    23.75    0.34    0.60      0
       16384          8192  bfloat16     sum      -1    23.59    0.69    1.22      0    23.45    0.70    1.22      0
       32768         16384  bfloat16     sum      -1    24.03    1.36    2.39      0    24.29    1.35    2.36      0
       65536         32768  bfloat16     sum      -1    24.70    2.65    4.64      0    24.62    2.66    4.66      0
      131072         65536  bfloat16     sum      -1    26.27    4.99    8.73      0    26.20    5.00    8.75      0
      262144        131072  bfloat16     sum      -1    28.91    9.07   15.87      0    28.81    9.10   15.92      0
      524288        262144  bfloat16     sum      -1    34.22   15.32   26.81      0    34.06   15.39   26.94      0
     1048576        524288  bfloat16     sum      -1    37.24   28.15   49.27      0    36.86   28.45   49.79      0
     2097152       1048576  bfloat16     sum      -1    43.96   47.71   83.48      0    43.76   47.92   83.87      0
     4194304       2097152  bfloat16     sum      -1    56.43   74.32  130.07      0    56.16   74.69  130.70      0
     8388608       4194304  bfloat16     sum      -1    84.89   98.82  172.93      0    84.48   99.30  173.78      0
    16777216       8388608  bfloat16     sum      -1    126.5  132.58  232.02      0    125.6  133.54  233.70      0
    33554432      16777216  bfloat16     sum      -1    201.4  166.63  291.60      0    201.1  166.85  292.00      0
    67108864      33554432  bfloat16     sum      -1    326.2  205.72  360.01      0    326.5  205.53  359.68      0
   134217728      67108864  bfloat16     sum      -1    582.8  230.32  403.05      0    583.7  229.95  402.41      0
# Out of bounds values : 0 OK
# Avg bus bandwidth    : 73.1226 
#

