# nThread 1 nGpus 1 minBytes 8 maxBytes 134217728 step: 2(factor) warmup iters: 100 iters: 1000 agg iters: 1 validation: 1 graph: 0
#
# Using devices
#  Rank  0 Group  0 Pid  29868 on   bjys1148 device  0 [0x2a] NVIDIA H20
#  Rank  1 Group  0 Pid  29869 on   bjys1148 device  1 [0x3a] NVIDIA H20
#
#                                                              out-of-place                       in-place          
#       size         count      type   redop    root     time   algbw   busbw #wrong     time   algbw   busbw #wrong
#        (B)    (elements)                               (us)  (GB/s)  (GB/s)            (us)  (GB/s)  (GB/s)       
           8             4      int8    none      -1     8.10    0.00    0.00      0     7.83    0.00    0.00    N/A
          16             8      int8    none      -1     7.83    0.00    0.00      0     7.83    0.00    0.00    N/A
          32            16      int8    none      -1     7.84    0.00    0.00      0     7.86    0.00    0.00    N/A
          64            32      int8    none      -1     7.83    0.01    0.00      0     7.84    0.01    0.00    N/A
         128            64      int8    none      -1     7.96    0.02    0.01      0     7.88    0.02    0.01    N/A
         256           128      int8    none      -1     7.97    0.03    0.02      0     7.86    0.03    0.02    N/A
         512           256      int8    none      -1     8.26    0.06    0.03      0     7.81    0.07    0.03    N/A
        1024           512      int8    none      -1     8.00    0.13    0.06      0     7.84    0.13    0.07    N/A
        2048          1024      int8    none      -1     8.00    0.26    0.13      0     7.89    0.26    0.13    N/A
        4096          2048      int8    none      -1     8.07    0.51    0.25      0     7.99    0.51    0.26    N/A
        8192          4096      int8    none      -1     8.65    0.95    0.47      0     8.46    0.97    0.48    N/A
       16384          8192      int8    none      -1     9.45    1.73    0.87      0     9.20    1.78    0.89    N/A
       32768         16384      int8    none      -1    11.10    2.95    1.48      0    10.88    3.01    1.51    N/A
       65536         32768      int8    none      -1    12.28    5.34    2.67      0    12.18    5.38    2.69    N/A
      131072         65536      int8    none      -1    14.35    9.13    4.57      0    14.32    9.15    4.58    N/A
      262144        131072      int8    none      -1    14.83   17.68    8.84      0    14.48   18.10    9.05    N/A
      524288        262144      int8    none      -1    15.39   34.07   17.03      0    14.94   35.08   17.54    N/A
     1048576        524288      int8    none      -1    15.87   66.09   33.05      0    15.38   68.17   34.08    N/A
     2097152       1048576      int8    none      -1    17.09  122.70   61.35      0    16.28  128.82   64.41    N/A
     4194304       2097152      int8    none      -1    22.81  183.86   91.93      0    21.93  191.27   95.64    N/A
     8388608       4194304      int8    none      -1    33.35  251.51  125.75      0    32.09  261.39  130.70    N/A
    16777216       8388608      int8    none      -1    55.94  299.90  149.95      0    53.80  311.82  155.91    N/A
    33554432      16777216      int8    none      -1    81.44  412.02  206.01      0    81.51  411.65  205.83    N/A
    67108864      33554432      int8    none      -1    137.5  487.91  243.96      0    136.4  492.00  246.00    N/A
   134217728      67108864      int8    none      -1    253.3  529.91  264.96      0    245.1  547.52  273.76    N/A
           8             4     uint8    none      -1     7.85    0.00    0.00      0     7.84    0.00    0.00    N/A
          16             8     uint8    none      -1     7.83    0.00    0.00      0     7.85    0.00    0.00    N/A
          32            16     uint8    none      -1     7.87    0.00    0.00      0     7.85    0.00    0.00    N/A
          64            32     uint8    none      -1     7.86    0.01    0.00      0     7.85    0.01    0.00    N/A
         128            64     uint8    none      -1     7.96    0.02    0.01      0     7.87    0.02    0.01    N/A
         256           128     uint8    none      -1     7.98    0.03    0.02      0     7.88    0.03    0.02    N/A
         512           256     uint8    none      -1     8.17    0.06    0.03      0     7.83    0.07    0.03    N/A
        1024           512     uint8    none      -1     8.12    0.13    0.06      0     7.83    0.13    0.07    N/A
        2048          1024     uint8    none      -1     8.03    0.26    0.13      0     7.89    0.26    0.13    N/A
        4096          2048     uint8    none      -1     8.08    0.51    0.25      0     7.97    0.51    0.26    N/A
        8192          4096     uint8    none      -1     8.62    0.95    0.47      0     8.46    0.97    0.48    N/A
       16384          8192     uint8    none      -1     9.46    1.73    0.87      0     9.22    1.78    0.89    N/A
       32768         16384     uint8    none      -1    11.12    2.95    1.47      0    10.88    3.01    1.51    N/A
       65536         32768     uint8    none      -1    12.32    5.32    2.66      0    12.20    5.37    2.69    N/A
      131072         65536     uint8    none      -1    14.47    9.06    4.53      0    14.24    9.21    4.60    N/A
      262144        131072     uint8    none      -1    14.93   17.56    8.78      0    14.46   18.12    9.06    N/A
      524288        262144     uint8    none      -1    15.47   33.89   16.95      0    14.91   35.16   17.58    N/A
     1048576        524288     uint8    none      -1    15.92   65.87   32.93      0    15.33   68.42   34.21    N/A
     2097152       1048576     uint8    none      -1    17.15  122.31   61.16      0    16.22  129.27   64.64    N/A
     4194304       2097152     uint8    none      -1    22.90  183.19   91.60      0    22.08  189.92   94.96    N/A
     8388608       4194304     uint8    none      -1    33.19  252.78  126.39      0    32.03  261.92  130.96    N/A
    16777216       8388608     uint8    none      -1    55.28  303.50  151.75      0    53.36  314.40  157.20    N/A
    33554432      16777216     uint8    none      -1    80.95  414.49  207.24      0    80.60  416.33  208.16    N/A
    67108864      33554432     uint8    none      -1    137.2  489.10  244.55      0    135.2  496.47  248.24    N/A
   134217728      67108864     uint8    none      -1    253.6  529.35  264.68      0    244.1  549.90  274.95    N/A
           8             1     int32    none      -1     7.83    0.00    0.00      0     7.86    0.00    0.00    N/A
          16             2     int32    none      -1     7.84    0.00    0.00      0     7.83    0.00    0.00    N/A
          32             4     int32    none      -1     7.84    0.00    0.00      0     7.85    0.00    0.00    N/A
          64             8     int32    none      -1     7.84    0.01    0.00      0     7.85    0.01    0.00    N/A
         128            16     int32    none      -1     7.97    0.02    0.01      0     7.86    0.02    0.01    N/A
         256            32     int32    none      -1     8.01    0.03    0.02      0     7.89    0.03    0.02    N/A
         512            64     int32    none      -1     8.25    0.06    0.03      0     7.84    0.07    0.03    N/A
        1024           128     int32    none      -1     8.02    0.13    0.06      0     7.85    0.13    0.07    N/A
        2048           256     int32    none      -1     8.00    0.26    0.13      0     7.89    0.26    0.13    N/A
        4096           512     int32    none      -1     8.09    0.51    0.25      0     7.99    0.51    0.26    N/A
        8192          1024     int32    none      -1     8.59    0.95    0.48      0     8.43    0.97    0.49    N/A
       16384          2048     int32    none      -1     9.44    1.74    0.87      0     9.17    1.79    0.89    N/A
       32768          4096     int32    none      -1    11.13    2.94    1.47      0    10.85    3.02    1.51    N/A
       65536          8192     int32    none      -1    12.27    5.34    2.67      0    12.18    5.38    2.69    N/A
      131072         16384     int32    none      -1    14.46    9.06    4.53      0    14.23    9.21    4.61    N/A
      262144         32768     int32    none      -1    14.84   17.66    8.83      0    14.56   18.01    9.00    N/A
      524288         65536     int32    none      -1    15.46   33.91   16.95      0    14.97   35.03   17.52    N/A
     1048576        131072     int32    none      -1    15.82   66.29   33.14      0    15.29   68.57   34.29    N/A
     2097152        262144     int32    none      -1    17.09  122.68   61.34      0    16.28  128.81   64.40    N/A
     4194304        524288     int32    none      -1    22.94  182.84   91.42      0    21.95  191.05   95.52    N/A
     8388608       1048576     int32    none      -1    33.36  251.47  125.73      0    32.26  260.06  130.03    N/A
    16777216       2097152     int32    none      -1    55.29  303.42  151.71      0    53.75  312.16  156.08    N/A
    33554432       4194304     int32    none      -1    81.61  411.13  205.57      0    81.55  411.44  205.72    N/A
    67108864       8388608     int32    none      -1    137.7  487.53  243.77      0    136.2  492.55  246.28    N/A
   134217728      16777216     int32    none      -1    253.6  529.25  264.63      0    245.3  547.15  273.57    N/A
           8             1    uint32    none      -1     7.83    0.00    0.00      0     7.86    0.00    0.00    N/A
          16             2    uint32    none      -1     7.83    0.00    0.00      0     7.84    0.00    0.00    N/A
          32             4    uint32    none      -1     7.84    0.00    0.00      0     7.87    0.00    0.00    N/A
          64             8    uint32    none      -1     7.87    0.01    0.00      0     7.85    0.01    0.00    N/A
         128            16    uint32    none      -1     7.96    0.02    0.01      0     7.87    0.02    0.01    N/A
         256            32    uint32    none      -1     7.99    0.03    0.02      0     7.88    0.03    0.02    N/A
         512            64    uint32    none      -1     8.14    0.06    0.03      0     7.83    0.07    0.03    N/A
        1024           128    uint32    none      -1     8.12    0.13    0.06      0     7.84    0.13    0.07    N/A
        2048           256    uint32    none      -1     8.02    0.26    0.13      0     7.88    0.26    0.13    N/A
        4096           512    uint32    none      -1     8.10    0.51    0.25      0     7.99    0.51    0.26    N/A
        8192          1024    uint32    none      -1     8.59    0.95    0.48      0     8.42    0.97    0.49    N/A
       16384          2048    uint32    none      -1     9.40    1.74    0.87      0     9.16    1.79    0.89    N/A
       32768          4096    uint32    none      -1    11.15    2.94    1.47      0    10.84    3.02    1.51    N/A
       65536          8192    uint32    none      -1    12.30    5.33    2.66      0    12.23    5.36    2.68    N/A
      131072         16384    uint32    none      -1    14.40    9.10    4.55      0    14.31    9.16    4.58    N/A
      262144         32768    uint32    none      -1    14.94   17.55    8.77      0    14.59   17.97    8.99    N/A
      524288         65536    uint32    none      -1    15.41   34.03   17.02      0    14.91   35.16   17.58    N/A
     1048576        131072    uint32    none      -1    15.91   65.89   32.95      0    15.34   68.35   34.17    N/A
     2097152        262144    uint32    none      -1    17.21  121.83   60.91      0    16.27  128.87   64.43    N/A
     4194304        524288    uint32    none      -1    22.90  183.18   91.59      0    21.85  191.95   95.98    N/A
     8388608       1048576    uint32    none      -1    33.27  252.10  126.05      0    32.29  259.77  129.89    N/A
    16777216       2097152    uint32    none      -1    55.16  304.15  152.07      0    53.46  313.84  156.92    N/A
    33554432       4194304    uint32    none      -1    81.09  413.78  206.89      0    80.42  417.25  208.63    N/A
    67108864       8388608    uint32    none      -1    137.3  488.82  244.41      0    135.1  496.87  248.44    N/A
   134217728      16777216    uint32    none      -1    253.6  529.16  264.58      0    243.8  550.44  275.22    N/A
           0             0     int64    none      -1     6.99    0.00    0.00      0     7.00    0.00    0.00    N/A
          16             1     int64    none      -1     7.84    0.00    0.00      0     7.84    0.00    0.00    N/A
          32             2     int64    none      -1     7.84    0.00    0.00      0     7.84    0.00    0.00    N/A
          64             4     int64    none      -1     7.88    0.01    0.00      0     7.85    0.01    0.00    N/A
         128             8     int64    none      -1     7.97    0.02    0.01      0     7.86    0.02    0.01    N/A
         256            16     int64    none      -1     8.01    0.03    0.02      0     7.88    0.03    0.02    N/A
         512            32     int64    none      -1     8.26    0.06    0.03      0     7.82    0.07    0.03    N/A
        1024            64     int64    none      -1     8.03    0.13    0.06      0     7.84    0.13    0.07    N/A
        2048           128     int64    none      -1     7.99    0.26    0.13      0     7.89    0.26    0.13    N/A
        4096           256     int64    none      -1     8.13    0.50    0.25      0     7.98    0.51    0.26    N/A
        8192           512     int64    none      -1     8.59    0.95    0.48      0     8.42    0.97    0.49    N/A
       16384          1024     int64    none      -1     9.43    1.74    0.87      0     9.17    1.79    0.89    N/A
       32768          2048     int64    none      -1    11.08    2.96    1.48      0    10.83    3.02    1.51    N/A
       65536          4096     int64    none      -1    12.29    5.33    2.67      0    12.05    5.44    2.72    N/A
      131072          8192     int64    none      -1    14.42    9.09    4.54      0    14.32    9.15    4.58    N/A
      262144         16384     int64    none      -1    14.97   17.51    8.75      0    14.46   18.12    9.06    N/A
      524288         32768     int64    none      -1    15.45   33.93   16.96      0    15.01   34.92   17.46    N/A
     1048576         65536     int64    none      -1    15.89   66.00   33.00      0    15.37   68.20   34.10    N/A
     2097152        131072     int64    none      -1    17.09  122.71   61.36      0    16.29  128.74   64.37    N/A
     4194304        262144     int64    none      -1    22.84  183.62   91.81      0    21.94  191.19   95.60    N/A
     8388608        524288     int64    none      -1    33.20  252.68  126.34      0    32.07  261.55  130.77    N/A
    16777216       1048576     int64    none      -1    55.76  300.91  150.45      0    54.18  309.64  154.82    N/A
    33554432       2097152     int64    none      -1    81.56  411.42  205.71      0    81.37  412.35  206.17    N/A
    67108864       4194304     int64    none      -1    137.6  487.67  243.83      0    136.1  492.97  246.49    N/A
   134217728       8388608     int64    none      -1    253.5  529.54  264.77      0    245.2  547.28  273.64    N/A
           0             0    uint64    none      -1     7.00    0.00    0.00      0     7.00    0.00    0.00    N/A
          16             1    uint64    none      -1     7.84    0.00    0.00      0     7.85    0.00    0.00    N/A
          32             2    uint64    none      -1     7.87    0.00    0.00      0     7.85    0.00    0.00    N/A
          64             4    uint64    none      -1     7.85    0.01    0.00      0     7.85    0.01    0.00    N/A
         128             8    uint64    none      -1     7.96    0.02    0.01      0     7.89    0.02    0.01    N/A
         256            16    uint64    none      -1     8.02    0.03    0.02      0     7.87    0.03    0.02    N/A
         512            32    uint64    none      -1     8.15    0.06    0.03      0     7.83    0.07    0.03    N/A
        1024            64    uint64    none      -1     8.13    0.13    0.06      0     7.83    0.13    0.07    N/A
        2048           128    uint64    none      -1     8.02    0.26    0.13      0     7.89    0.26    0.13    N/A
        4096           256    uint64    none      -1     8.11    0.51    0.25      0     7.98    0.51    0.26    N/A
        8192           512    uint64    none      -1     8.60    0.95    0.48      0     8.43    0.97    0.49    N/A
       16384          1024    uint64    none      -1     9.41    1.74    0.87      0     9.16    1.79    0.89    N/A
       32768          2048    uint64    none      -1    11.08    2.96    1.48      0    10.83    3.03    1.51    N/A
       65536          4096    uint64    none      -1    12.26    5.35    2.67      0    12.01    5.46    2.73    N/A
      131072          8192    uint64    none      -1    14.35    9.13    4.57      0    14.28    9.18    4.59    N/A
      262144         16384    uint64    none      -1    14.94   17.55    8.77      0    14.50   18.07    9.04    N/A
      524288         32768    uint64    none      -1    15.42   33.99   17.00      0    14.96   35.04   17.52    N/A
     1048576         65536    uint64    none      -1    15.92   65.85   32.93      0    15.33   68.39   34.20    N/A
     2097152        131072    uint64    none      -1    17.11  122.59   61.29      0    16.17  129.70   64.85    N/A
     4194304        262144    uint64    none      -1    22.86  183.47   91.74      0    21.93  191.28   95.64    N/A
     8388608        524288    uint64    none      -1    33.24  252.34  126.17      0    32.16  260.85  130.42    N/A
    16777216       1048576    uint64    none      -1    55.19  304.00  152.00      0    53.45  313.89  156.94    N/A
    33554432       2097152    uint64    none      -1    81.05  413.97  206.99      0    80.38  417.44  208.72    N/A
    67108864       4194304    uint64    none      -1    137.9  486.71  243.35      0    134.9  497.30  248.65    N/A
   134217728       8388608    uint64    none      -1    253.5  529.43  264.72      0    244.1  549.80  274.90    N/A
           8             2      half    none      -1     7.83    0.00    0.00      0     7.87    0.00    0.00    N/A
          16             4      half    none      -1     7.84    0.00    0.00      0     7.84    0.00    0.00    N/A
          32             8      half    none      -1     7.85    0.00    0.00      0     7.85    0.00    0.00    N/A
          64            16      half    none      -1     7.84    0.01    0.00      0     7.85    0.01    0.00    N/A
         128            32      half    none      -1     8.00    0.02    0.01      0     7.87    0.02    0.01    N/A
         256            64      half    none      -1     7.98    0.03    0.02      0     7.88    0.03    0.02    N/A
         512           128      half    none      -1     8.27    0.06    0.03      0     7.82    0.07    0.03    N/A
        1024           256      half    none      -1     8.02    0.13    0.06      0     7.84    0.13    0.07    N/A
        2048           512      half    none      -1     7.99    0.26    0.13      0     7.89    0.26    0.13    N/A
        4096          1024      half    none      -1     8.09    0.51    0.25      0     8.01    0.51    0.26    N/A
        8192          2048      half    none      -1     8.57    0.96    0.48      0     8.41    0.97    0.49    N/A
       16384          4096      half    none      -1     9.45    1.73    0.87      0     9.24    1.77    0.89    N/A
       32768          8192      half    none      -1    11.13    2.94    1.47      0    10.87    3.02    1.51    N/A
       65536         16384      half    none      -1    12.24    5.35    2.68      0    12.19    5.38    2.69    N/A
      131072         32768      half    none      -1    14.36    9.12    4.56      0    14.24    9.21    4.60    N/A
      262144         65536      half    none      -1    14.83   17.67    8.84      0    14.48   18.10    9.05    N/A
      524288        131072      half    none      -1    15.38   34.09   17.04      0    14.89   35.21   17.61    N/A
     1048576        262144      half    none      -1    15.88   66.01   33.01      0    15.33   68.38   34.19    N/A
     2097152        524288      half    none      -1    17.07  122.87   61.43      0    16.25  129.04   64.52    N/A
     4194304       1048576      half    none      -1    22.88  183.28   91.64      0    21.93  191.28   95.64    N/A
     8388608       2097152      half    none      -1    33.11  253.37  126.69      0    32.15  260.89  130.44    N/A
    16777216       4194304      half    none      -1    56.02  299.48  149.74      0    53.99  310.74  155.37    N/A
    33554432       8388608      half    none      -1    81.56  411.41  205.70      0    81.47  411.88  205.94    N/A
    67108864      16777216      half    none      -1    138.1  486.01  243.00      0    136.2  492.89  246.45    N/A
   134217728      33554432      half    none      -1    253.9  528.64  264.32      0    245.1  547.57  273.78    N/A
           8             1     float    none      -1     7.84    0.00    0.00      0     7.87    0.00    0.00    N/A
          16             2     float    none      -1     7.83    0.00    0.00      0     7.84    0.00    0.00    N/A
          32             4     float    none      -1     7.84    0.00    0.00      0     7.85    0.00    0.00    N/A
          64             8     float    none      -1     7.86    0.01    0.00      0     7.86    0.01    0.00    N/A
         128            16     float    none      -1     7.97    0.02    0.01      0     7.86    0.02    0.01    N/A
         256            32     float    none      -1     8.01    0.03    0.02      0     7.88    0.03    0.02    N/A
         512            64     float    none      -1     8.15    0.06    0.03      0     7.81    0.07    0.03    N/A
        1024           128     float    none      -1     8.13    0.13    0.06      0     7.84    0.13    0.07    N/A
        2048           256     float    none      -1     7.99    0.26    0.13      0     7.88    0.26    0.13    N/A
        4096           512     float    none      -1     8.10    0.51    0.25      0     8.01    0.51    0.26    N/A
        8192          1024     float    none      -1     8.59    0.95    0.48      0     8.43    0.97    0.49    N/A
       16384          2048     float    none      -1     9.44    1.74    0.87      0     9.18    1.78    0.89    N/A
       32768          4096     float    none      -1    11.13    2.94    1.47      0    10.83    3.03    1.51    N/A
       65536          8192     float    none      -1    12.28    5.34    2.67      0    12.14    5.40    2.70    N/A
      131072         16384     float    none      -1    14.35    9.13    4.57      0    14.27    9.19    4.59    N/A
      262144         32768     float    none      -1    14.85   17.65    8.82      0    14.45   18.14    9.07    N/A
      524288         65536     float    none      -1    15.46   33.92   16.96      0    14.91   35.16   17.58    N/A
     1048576        131072     float    none      -1    15.88   66.03   33.01      0    15.33   68.40   34.20    N/A
     2097152        262144     float    none      -1    17.11  122.56   61.28      0    16.14  129.94   64.97    N/A
     4194304        524288     float    none      -1    22.95  182.79   91.40      0    21.86  191.88   95.94    N/A
     8388608       1048576     float    none      -1    33.25  252.25  126.13      0    32.02  262.01  131.01    N/A
    16777216       2097152     float    none      -1    55.91  300.08  150.04      0    53.72  312.32  156.16    N/A
    33554432       4194304     float    none      -1    81.02  414.17  207.09      0    80.23  418.23  209.11    N/A
    67108864       8388608     float    none      -1    137.4  488.32  244.16      0    134.9  497.48  248.74    N/A
   134217728      16777216     float    none      -1    253.2  530.14  265.07      0    244.4  549.20  274.60    N/A
           0             0    double    none      -1     6.99    0.00    0.00      0     7.02    0.00    0.00    N/A
          16             1    double    none      -1     7.84    0.00    0.00      0     7.84    0.00    0.00    N/A
          32             2    double    none      -1     7.87    0.00    0.00      0     7.87    0.00    0.00    N/A
          64             4    double    none      -1     7.85    0.01    0.00      0     7.85    0.01    0.00    N/A
         128             8    double    none      -1     7.98    0.02    0.01      0     7.87    0.02    0.01    N/A
         256            16    double    none      -1     7.98    0.03    0.02      0     7.88    0.03    0.02    N/A
         512            32    double    none      -1     8.15    0.06    0.03      0     7.82    0.07    0.03    N/A
        1024            64    double    none      -1     8.01    0.13    0.06      0     7.84    0.13    0.07    N/A
        2048           128    double    none      -1     8.02    0.26    0.13      0     7.91    0.26    0.13    N/A
        4096           256    double    none      -1     8.08    0.51    0.25      0     7.99    0.51    0.26    N/A
        8192           512    double    none      -1     8.59    0.95    0.48      0     8.41    0.97    0.49    N/A
       16384          1024    double    none      -1     9.40    1.74    0.87      0     9.18    1.78    0.89    N/A
       32768          2048    double    none      -1    11.07    2.96    1.48      0    10.84    3.02    1.51    N/A
       65536          4096    double    none      -1    12.27    5.34    2.67      0    12.04    5.44    2.72    N/A
      131072          8192    double    none      -1    14.43    9.08    4.54      0    14.21    9.22    4.61    N/A
      262144         16384    double    none      -1    14.87   17.63    8.82      0    14.61   17.94    8.97    N/A
      524288         32768    double    none      -1    15.50   33.82   16.91      0    14.92   35.15   17.57    N/A
     1048576         65536    double    none      -1    15.81   66.31   33.15      0    15.30   68.51   34.26    N/A
     2097152        131072    double    none      -1    17.11  122.60   61.30      0    16.19  129.50   64.75    N/A
     4194304        262144    double    none      -1    22.88  183.35   91.68      0    21.93  191.28   95.64    N/A
     8388608        524288    double    none      -1    33.21  252.58  126.29      0    32.37  259.19  129.59    N/A
    16777216       1048576    double    none      -1    55.78  300.80  150.40      0    53.83  311.65  155.83    N/A
    33554432       2097152    double    none      -1    81.54  411.49  205.75      0    81.62  411.09  205.54    N/A
    67108864       4194304    double    none      -1    137.5  488.18  244.09      0    136.2  492.88  246.44    N/A
   134217728       8388608    double    none      -1    253.8  528.87  264.43      0    245.2  547.38  273.69    N/A
           8             2  bfloat16    none      -1     7.84    0.00    0.00      0     7.89    0.00    0.00    N/A
          16             4  bfloat16    none      -1     7.84    0.00    0.00      0     7.84    0.00    0.00    N/A
          32             8  bfloat16    none      -1     7.85    0.00    0.00      0     7.85    0.00    0.00    N/A
          64            16  bfloat16    none      -1     7.85    0.01    0.00      0     7.85    0.01    0.00    N/A
         128            32  bfloat16    none      -1     7.96    0.02    0.01      0     7.86    0.02    0.01    N/A
         256            64  bfloat16    none      -1     7.97    0.03    0.02      0     7.87    0.03    0.02    N/A
         512           128  bfloat16    none      -1     8.19    0.06    0.03      0     7.81    0.07    0.03    N/A
        1024           256  bfloat16    none      -1     8.06    0.13    0.06      0     7.84    0.13    0.07    N/A
        2048           512  bfloat16    none      -1     7.99    0.26    0.13      0     7.88    0.26    0.13    N/A
        4096          1024  bfloat16    none      -1     8.09    0.51    0.25      0     7.98    0.51    0.26    N/A
        8192          2048  bfloat16    none      -1     8.58    0.96    0.48      0     8.42    0.97    0.49    N/A
       16384          4096  bfloat16    none      -1     9.46    1.73    0.87      0     9.25    1.77    0.89    N/A
       32768          8192  bfloat16    none      -1    11.12    2.95    1.47      0    10.87    3.02    1.51    N/A
       65536         16384  bfloat16    none      -1    12.29    5.33    2.67      0    12.23    5.36    2.68    N/A
      131072         32768  bfloat16    none      -1    14.39    9.11    4.55      0    14.30    9.16    4.58    N/A
      262144         65536  bfloat16    none      -1    14.94   17.54    8.77      0    14.51   18.07    9.04    N/A
      524288        131072  bfloat16    none      -1    15.44   33.96   16.98      0    14.95   35.06   17.53    N/A
     1048576        262144  bfloat16    none      -1    15.84   66.19   33.10      0    15.29   68.57   34.28    N/A
     2097152        524288  bfloat16    none      -1    17.18  122.06   61.03      0    16.24  129.11   64.56    N/A
     4194304       1048576  bfloat16    none      -1    22.81  183.89   91.94      0    21.90  191.55   95.77    N/A
     8388608       2097152  bfloat16    none      -1    33.15  253.04  126.52      0    32.34  259.37  129.69    N/A
    16777216       4194304  bfloat16    none      -1    55.63  301.58  150.79      0    53.69  312.48  156.24    N/A
    33554432       8388608  bfloat16    none      -1    80.97  414.40  207.20      0    80.40  417.35  208.67    N/A
    67108864      16777216  bfloat16    none      -1    137.3  488.64  244.32      0    135.1  496.63  248.31    N/A
   134217728      33554432  bfloat16    none      -1    253.8  528.90  264.45      0    244.1  549.78  274.89    N/A
# Out of bounds values : 0 OK
# Avg bus bandwidth    : 49.2307 
#

