# nThread 1 nGpus 1 minBytes 8 maxBytes 134217728 step: 2(factor) warmup iters: 100 iters: 1000 agg iters: 1 validation: 1 graph: 0
#
# Using devices
#  Rank  0 Group  0 Pid  30588 on   bjys1148 device  0 [0x2a] NVIDIA H20
#  Rank  1 Group  0 Pid  30589 on   bjys1148 device  1 [0x3a] NVIDIA H20
#
#                                                              out-of-place                       in-place          
#       size         count      type   redop    root     time   algbw   busbw #wrong     time   algbw   busbw #wrong
#        (B)    (elements)                               (us)  (GB/s)  (GB/s)            (us)  (GB/s)  (GB/s)       
           8             8      int8    none       0     6.97    0.00    0.00      0     6.42    0.00    0.00      0
          16            16      int8    none       0     6.47    0.00    0.00      0     6.47    0.00    0.00      0
          32            32      int8    none       0     6.50    0.00    0.00      0     6.47    0.00    0.00      0
          64            64      int8    none       0     6.54    0.01    0.01      0     6.48    0.01    0.01      0
         128           128      int8    none       0     6.55    0.02    0.02      0     6.47    0.02    0.02      0
         256           256      int8    none       0     6.88    0.04    0.04      0     6.46    0.04    0.04      0
         512           512      int8    none       0     6.69    0.08    0.08      0     6.45    0.08    0.08      0
        1024          1024      int8    none       0     7.01    0.15    0.15      0     6.75    0.15    0.15      0
        2048          2048      int8    none       0     6.92    0.30    0.30      0     6.77    0.30    0.30      0
        4096          4096      int8    none       0     7.19    0.57    0.57      0     6.82    0.60    0.60      0
        8192          8192      int8    none       0     7.71    1.06    1.06      0     7.57    1.08    1.08      0
       16384         16384      int8    none       0     7.91    2.07    2.07      0     7.69    2.13    2.13      0
       32768         32768      int8    none       0     8.12    4.03    4.03      0     7.84    4.18    4.18      0
       65536         65536      int8    none       0     8.33    7.86    7.86      0     7.92    8.28    8.28      0
      131072        131072      int8    none       0     8.52   15.38   15.38      0     8.18   16.03   16.03      0
      262144        262144      int8    none       0     9.18   28.55   28.55      0     8.90   29.44   29.44      0
      524288        524288      int8    none       0    10.88   48.17   48.17      0    10.26   51.12   51.12      0
     1048576       1048576      int8    none       0    14.37   72.97   72.97      0    13.33   78.65   78.65      0
     2097152       2097152      int8    none       0    20.70  101.30  101.30      0    19.83  105.74  105.74      0
     4194304       4194304      int8    none       0    26.98  155.47  155.47      0    25.87  162.14  162.14      0
     8388608       8388608      int8    none       0    39.51  212.32  212.32      0    37.81  221.87  221.87      0
    16777216      16777216      int8    none       0    64.43  260.38  260.38      0    61.19  274.19  274.19      0
    33554432      33554432      int8    none       0    112.7  297.70  297.70      0    107.0  313.55  313.55      0
    67108864      67108864      int8    none       0    205.7  326.26  326.26      0    199.1  337.00  337.00      0
   134217728     134217728      int8    none       0    389.4  344.70  344.70      0    378.0  355.11  355.11      0
           8             8     uint8    none       0     6.49    0.00    0.00      0     6.47    0.00    0.00      0
          16            16     uint8    none       0     6.49    0.00    0.00      0     6.47    0.00    0.00      0
          32            32     uint8    none       0     6.50    0.00    0.00      0     6.47    0.00    0.00      0
          64            64     uint8    none       0     6.55    0.01    0.01      0     6.48    0.01    0.01      0
         128           128     uint8    none       0     6.55    0.02    0.02      0     6.48    0.02    0.02      0
         256           256     uint8    none       0     6.89    0.04    0.04      0     6.45    0.04    0.04      0
         512           512     uint8    none       0     6.68    0.08    0.08      0     6.45    0.08    0.08      0
        1024          1024     uint8    none       0     7.01    0.15    0.15      0     6.75    0.15    0.15      0
        2048          2048     uint8    none       0     6.93    0.30    0.30      0     6.76    0.30    0.30      0
        4096          4096     uint8    none       0     7.20    0.57    0.57      0     6.81    0.60    0.60      0
        8192          8192     uint8    none       0     7.76    1.06    1.06      0     7.57    1.08    1.08      0
       16384         16384     uint8    none       0     7.93    2.07    2.07      0     7.67    2.14    2.14      0
       32768         32768     uint8    none       0     8.06    4.06    4.06      0     7.79    4.21    4.21      0
       65536         65536     uint8    none       0     8.27    7.92    7.92      0     7.87    8.32    8.32      0
      131072        131072     uint8    none       0     8.38   15.64   15.64      0     8.12   16.14   16.14      0
      262144        262144     uint8    none       0     9.09   28.82   28.82      0     8.75   29.96   29.96      0
      524288        524288     uint8    none       0    10.85   48.32   48.32      0    10.29   50.94   50.94      0
     1048576       1048576     uint8    none       0    14.37   72.95   72.95      0    13.29   78.89   78.89      0
     2097152       2097152     uint8    none       0    20.68  101.40  101.40      0    19.93  105.23  105.23      0
     4194304       4194304     uint8    none       0    26.81  156.43  156.43      0    25.57  164.02  164.02      0
     8388608       8388608     uint8    none       0    39.20  213.98  213.98      0    37.74  222.25  222.25      0
    16777216      16777216     uint8    none       0    64.30  260.94  260.94      0    61.07  274.74  274.74      0
    33554432      33554432     uint8    none       0    112.3  298.76  298.76      0    107.4  312.45  312.45      0
    67108864      67108864     uint8    none       0    204.4  328.35  328.35      0    198.9  337.44  337.44      0
   134217728     134217728     uint8    none       0    389.2  344.89  344.89      0    378.5  354.63  354.63      0
           8             2     int32    none       0     6.48    0.00    0.00      0     6.48    0.00    0.00      0
          16             4     int32    none       0     6.49    0.00    0.00      0     6.47    0.00    0.00      0
          32             8     int32    none       0     6.50    0.00    0.00      0     6.48    0.00    0.00      0
          64            16     int32    none       0     6.55    0.01    0.01      0     6.46    0.01    0.01      0
         128            32     int32    none       0     6.55    0.02    0.02      0     6.48    0.02    0.02      0
         256            64     int32    none       0     6.89    0.04    0.04      0     6.45    0.04    0.04      0
         512           128     int32    none       0     6.68    0.08    0.08      0     6.45    0.08    0.08      0
        1024           256     int32    none       0     7.01    0.15    0.15      0     6.75    0.15    0.15      0
        2048           512     int32    none       0     6.93    0.30    0.30      0     6.76    0.30    0.30      0
        4096          1024     int32    none       0     7.18    0.57    0.57      0     6.82    0.60    0.60      0
        8192          2048     int32    none       0     7.75    1.06    1.06      0     7.57    1.08    1.08      0
       16384          4096     int32    none       0     7.94    2.06    2.06      0     7.72    2.12    2.12      0
       32768          8192     int32    none       0     8.06    4.07    4.07      0     7.78    4.21    4.21      0
       65536         16384     int32    none       0     8.28    7.92    7.92      0     7.87    8.33    8.33      0
      131072         32768     int32    none       0     8.39   15.63   15.63      0     8.06   16.26   16.26      0
      262144         65536     int32    none       0     9.12   28.76   28.76      0     8.74   30.00   30.00      0
      524288        131072     int32    none       0    10.87   48.25   48.25      0    10.17   51.57   51.57      0
     1048576        262144     int32    none       0    14.37   72.95   72.95      0    13.32   78.75   78.75      0
     2097152        524288     int32    none       0    20.70  101.33  101.33      0    20.02  104.73  104.73      0
     4194304       1048576     int32    none       0    27.09  154.83  154.83      0    25.94  161.72  161.72      0
     8388608       2097152     int32    none       0    39.52  212.29  212.29      0    37.75  222.23  222.23      0
    16777216       4194304     int32    none       0    64.47  260.24  260.24      0    61.15  274.38  274.38      0
    33554432       8388608     int32    none       0    112.7  297.65  297.65      0    107.4  312.47  312.47      0
    67108864      16777216     int32    none       0    205.1  327.19  327.19      0    199.3  336.66  336.66      0
   134217728      33554432     int32    none       0    390.1  344.05  344.05      0    378.8  354.31  354.31      0
           8             2    uint32    none       0     6.49    0.00    0.00      0     6.46    0.00    0.00      0
          16             4    uint32    none       0     6.49    0.00    0.00      0     6.47    0.00    0.00      0
          32             8    uint32    none       0     6.50    0.00    0.00      0     6.48    0.00    0.00      0
          64            16    uint32    none       0     6.55    0.01    0.01      0     6.47    0.01    0.01      0
         128            32    uint32    none       0     6.56    0.02    0.02      0     6.47    0.02    0.02      0
         256            64    uint32    none       0     6.88    0.04    0.04      0     6.45    0.04    0.04      0
         512           128    uint32    none       0     6.68    0.08    0.08      0     6.46    0.08    0.08      0
        1024           256    uint32    none       0     7.01    0.15    0.15      0     6.75    0.15    0.15      0
        2048           512    uint32    none       0     6.92    0.30    0.30      0     6.76    0.30    0.30      0
        4096          1024    uint32    none       0     7.19    0.57    0.57      0     6.82    0.60    0.60      0
        8192          2048    uint32    none       0     7.72    1.06    1.06      0     7.57    1.08    1.08      0
       16384          4096    uint32    none       0     7.95    2.06    2.06      0     7.68    2.13    2.13      0
       32768          8192    uint32    none       0     8.05    4.07    4.07      0     7.77    4.22    4.22      0
       65536         16384    uint32    none       0     8.27    7.92    7.92      0     7.87    8.33    8.33      0
      131072         32768    uint32    none       0     8.38   15.64   15.64      0     8.06   16.27   16.27      0
      262144         65536    uint32    none       0     9.12   28.75   28.75      0     8.75   29.97   29.97      0
      524288        131072    uint32    none       0    10.85   48.34   48.34      0    10.31   50.86   50.86      0
     1048576        262144    uint32    none       0    14.40   72.82   72.82      0    13.28   78.94   78.94      0
     2097152        524288    uint32    none       0    20.66  101.50  101.50      0    19.90  105.37  105.37      0
     4194304       1048576    uint32    none       0    26.82  156.37  156.37      0    25.59  163.92  163.92      0
     8388608       2097152    uint32    none       0    39.22  213.91  213.91      0    37.73  222.35  222.35      0
    16777216       4194304    uint32    none       0    64.30  260.93  260.93      0    61.21  274.08  274.08      0
    33554432       8388608    uint32    none       0    112.3  298.84  298.84      0    107.3  312.65  312.65      0
    67108864      16777216    uint32    none       0    204.4  328.29  328.29      0    199.2  336.95  336.95      0
   134217728      33554432    uint32    none       0    389.0  345.06  345.06      0    377.9  355.15  355.15      0
           8             1     int64    none       0     6.48    0.00    0.00      0     6.46    0.00    0.00      0
          16             2     int64    none       0     6.49    0.00    0.00      0     6.47    0.00    0.00      0
          32             4     int64    none       0     6.50    0.00    0.00      0     6.48    0.00    0.00      0
          64             8     int64    none       0     6.55    0.01    0.01      0     6.47    0.01    0.01      0
         128            16     int64    none       0     6.55    0.02    0.02      0     6.47    0.02    0.02      0
         256            32     int64    none       0     6.83    0.04    0.04      0     6.45    0.04    0.04      0
         512            64     int64    none       0     6.68    0.08    0.08      0     6.45    0.08    0.08      0
        1024           128     int64    none       0     7.01    0.15    0.15      0     6.75    0.15    0.15      0
        2048           256     int64    none       0     6.92    0.30    0.30      0     6.76    0.30    0.30      0
        4096           512     int64    none       0     7.19    0.57    0.57      0     6.82    0.60    0.60      0
        8192          1024     int64    none       0     7.74    1.06    1.06      0     7.58    1.08    1.08      0
       16384          2048     int64    none       0     7.92    2.07    2.07      0     7.74    2.12    2.12      0
       32768          4096     int64    none       0     8.07    4.06    4.06      0     7.78    4.21    4.21      0
       65536          8192     int64    none       0     8.34    7.86    7.86      0     7.89    8.31    8.31      0
      131072         16384     int64    none       0     8.38   15.64   15.64      0     8.06   16.27   16.27      0
      262144         32768     int64    none       0     9.10   28.80   28.80      0     8.74   30.00   30.00      0
      524288         65536     int64    none       0    10.86   48.28   48.28      0    10.16   51.59   51.59      0
     1048576        131072     int64    none       0    14.36   73.01   73.01      0    13.30   78.84   78.84      0
     2097152        262144     int64    none       0    20.73  101.16  101.16      0    20.07  104.47  104.47      0
     4194304        524288     int64    none       0    27.14  154.54  154.54      0    25.87  162.16  162.16      0
     8388608       1048576     int64    none       0    39.51  212.29  212.29      0    37.74  222.25  222.25      0
    16777216       2097152     int64    none       0    64.56  259.89  259.89      0    61.17  274.27  274.27      0
    33554432       4194304     int64    none       0    112.8  297.53  297.53      0    107.1  313.16  313.16      0
    67108864       8388608     int64    none       0    205.0  327.33  327.33      0    198.9  337.36  337.36      0
   134217728      16777216     int64    none       0    389.1  344.96  344.96      0    378.0  355.11  355.11      0
           8             1    uint64    none       0     6.49    0.00    0.00      0     6.47    0.00    0.00      0
          16             2    uint64    none       0     6.48    0.00    0.00      0     6.46    0.00    0.00      0
          32             4    uint64    none       0     6.50    0.00    0.00      0     6.47    0.00    0.00      0
          64             8    uint64    none       0     6.55    0.01    0.01      0     6.47    0.01    0.01      0
         128            16    uint64    none       0     6.56    0.02    0.02      0     6.48    0.02    0.02      0
         256            32    uint64    none       0     6.88    0.04    0.04      0     6.45    0.04    0.04      0
         512            64    uint64    none       0     6.68    0.08    0.08      0     6.46    0.08    0.08      0
        1024           128    uint64    none       0     7.01    0.15    0.15      0     6.75    0.15    0.15      0
        2048           256    uint64    none       0     6.92    0.30    0.30      0     6.76    0.30    0.30      0
        4096           512    uint64    none       0     7.19    0.57    0.57      0     6.82    0.60    0.60      0
        8192          1024    uint64    none       0     7.71    1.06    1.06      0     7.57    1.08    1.08      0
       16384          2048    uint64    none       0     7.97    2.06    2.06      0     7.68    2.13    2.13      0
       32768          4096    uint64    none       0     8.07    4.06    4.06      0     7.78    4.21    4.21      0
       65536          8192    uint64    none       0     8.28    7.91    7.91      0     7.89    8.31    8.31      0
      131072         16384    uint64    none       0     8.39   15.63   15.63      0     8.05   16.28   16.28      0
      262144         32768    uint64    none       0     9.10   28.79   28.79      0     8.74   29.98   29.98      0
      524288         65536    uint64    none       0    10.84   48.34   48.34      0    10.22   51.28   51.28      0
     1048576        131072    uint64    none       0    14.37   72.99   72.99      0    13.31   78.79   78.79      0
     2097152        262144    uint64    none       0    20.64  101.60  101.60      0    19.87  105.54  105.54      0
     4194304        524288    uint64    none       0    26.80  156.48  156.48      0    25.70  163.21  163.21      0
     8388608       1048576    uint64    none       0    39.18  214.12  214.12      0    37.68  222.61  222.61      0
    16777216       2097152    uint64    none       0    64.31  260.86  260.86      0    61.23  274.02  274.02      0
    33554432       4194304    uint64    none       0    112.6  297.88  297.88      0    107.3  312.70  312.70      0
    67108864       8388608    uint64    none       0    204.8  327.62  327.62      0    199.1  337.03  337.03      0
   134217728      16777216    uint64    none       0    389.6  344.54  344.54      0    377.4  355.60  355.60      0
           8             4      half    none       0     6.48    0.00    0.00      0     6.47    0.00    0.00      0
          16             8      half    none       0     6.48    0.00    0.00      0     6.48    0.00    0.00      0
          32            16      half    none       0     6.50    0.00    0.00      0     6.47    0.00    0.00      0
          64            32      half    none       0     6.55    0.01    0.01      0     6.46    0.01    0.01      0
         128            64      half    none       0     6.55    0.02    0.02      0     6.47    0.02    0.02      0
         256           128      half    none       0     6.79    0.04    0.04      0     6.45    0.04    0.04      0
         512           256      half    none       0     6.66    0.08    0.08      0     6.45    0.08    0.08      0
        1024           512      half    none       0     7.01    0.15    0.15      0     6.75    0.15    0.15      0
        2048          1024      half    none       0     6.93    0.30    0.30      0     6.77    0.30    0.30      0
        4096          2048      half    none       0     7.20    0.57    0.57      0     6.82    0.60    0.60      0
        8192          4096      half    none       0     7.74    1.06    1.06      0     7.56    1.08    1.08      0
       16384          8192      half    none       0     7.93    2.06    2.06      0     7.67    2.14    2.14      0
       32768         16384      half    none       0     8.07    4.06    4.06      0     7.78    4.21    4.21      0
       65536         32768      half    none       0     8.29    7.91    7.91      0     7.93    8.27    8.27      0
      131072         65536      half    none       0     8.38   15.63   15.63      0     8.05   16.28   16.28      0
      262144        131072      half    none       0     9.11   28.77   28.77      0     8.74   29.98   29.98      0
      524288        262144      half    none       0    10.87   48.24   48.24      0    10.17   51.56   51.56      0
     1048576        524288      half    none       0    14.36   73.02   73.02      0    13.31   78.77   78.77      0
     2097152       1048576      half    none       0    20.72  101.19  101.19      0    20.06  104.56  104.56      0
     4194304       2097152      half    none       0    26.97  155.52  155.52      0    25.83  162.36  162.36      0
     8388608       4194304      half    none       0    39.35  213.18  213.18      0    37.80  221.94  221.94      0
    16777216       8388608      half    none       0    64.50  260.13  260.13      0    61.21  274.10  274.10      0
    33554432      16777216      half    none       0    112.7  297.81  297.81      0    107.2  313.00  313.00      0
    67108864      33554432      half    none       0    204.9  327.46  327.46      0    199.1  337.05  337.05      0
   134217728      67108864      half    none       0    389.4  344.72  344.72      0    378.0  355.06  355.06      0
           8             2     float    none       0     6.48    0.00    0.00      0     6.46    0.00    0.00      0
          16             4     float    none       0     6.49    0.00    0.00      0     6.47    0.00    0.00      0
          32             8     float    none       0     6.50    0.00    0.00      0     6.47    0.00    0.00      0
          64            16     float    none       0     6.55    0.01    0.01      0     6.47    0.01    0.01      0
         128            32     float    none       0     6.56    0.02    0.02      0     6.47    0.02    0.02      0
         256            64     float    none       0     6.88    0.04    0.04      0     6.45    0.04    0.04      0
         512           128     float    none       0     6.68    0.08    0.08      0     6.45    0.08    0.08      0
        1024           256     float    none       0     7.00    0.15    0.15      0     6.75    0.15    0.15      0
        2048           512     float    none       0     6.92    0.30    0.30      0     6.77    0.30    0.30      0
        4096          1024     float    none       0     7.19    0.57    0.57      0     6.82    0.60    0.60      0
        8192          2048     float    none       0     7.74    1.06    1.06      0     7.57    1.08    1.08      0
       16384          4096     float    none       0     7.93    2.07    2.07      0     7.67    2.14    2.14      0
       32768          8192     float    none       0     8.06    4.07    4.07      0     7.78    4.21    4.21      0
       65536         16384     float    none       0     8.27    7.93    7.93      0     7.86    8.34    8.34      0
      131072         32768     float    none       0     8.43   15.54   15.54      0     8.06   16.27   16.27      0
      262144         65536     float    none       0     9.09   28.83   28.83      0     8.72   30.07   30.07      0
      524288        131072     float    none       0    10.85   48.33   48.33      0    10.25   51.15   51.15      0
     1048576        262144     float    none       0    14.38   72.92   72.92      0    13.30   78.85   78.85      0
     2097152        524288     float    none       0    20.69  101.34  101.34      0    19.91  105.34  105.34      0
     4194304       1048576     float    none       0    26.87  156.09  156.09      0    25.72  163.09  163.09      0
     8388608       2097152     float    none       0    39.19  214.03  214.03      0    37.68  222.62  222.62      0
    16777216       4194304     float    none       0    64.34  260.77  260.77      0    61.26  273.89  273.89      0
    33554432       8388608     float    none       0    112.5  298.14  298.14      0    107.4  312.43  312.43      0
    67108864      16777216     float    none       0    204.1  328.82  328.82      0    199.2  336.94  336.94      0
   134217728      33554432     float    none       0    388.7  345.30  345.30      0    378.5  354.64  354.64      0
           8             1    double    none       0     6.48    0.00    0.00      0     6.46    0.00    0.00      0
          16             2    double    none       0     6.48    0.00    0.00      0     6.47    0.00    0.00      0
          32             4    double    none       0     6.50    0.00    0.00      0     6.47    0.00    0.00      0
          64             8    double    none       0     6.55    0.01    0.01      0     6.47    0.01    0.01      0
         128            16    double    none       0     6.56    0.02    0.02      0     6.47    0.02    0.02      0
         256            32    double    none       0     6.89    0.04    0.04      0     6.45    0.04    0.04      0
         512            64    double    none       0     6.68    0.08    0.08      0     6.46    0.08    0.08      0
        1024           128    double    none       0     7.01    0.15    0.15      0     6.75    0.15    0.15      0
        2048           256    double    none       0     6.93    0.30    0.30      0     6.76    0.30    0.30      0
        4096           512    double    none       0     7.19    0.57    0.57      0     6.82    0.60    0.60      0
        8192          1024    double    none       0     7.75    1.06    1.06      0     7.57    1.08    1.08      0
       16384          2048    double    none       0     7.93    2.07    2.07      0     7.69    2.13    2.13      0
       32768          4096    double    none       0     8.07    4.06    4.06      0     7.77    4.22    4.22      0
       65536          8192    double    none       0     8.28    7.91    7.91      0     7.89    8.31    8.31      0
      131072         16384    double    none       0     8.39   15.62   15.62      0     8.05   16.27   16.27      0
      262144         32768    double    none       0     9.12   28.75   28.75      0     8.78   29.86   29.86      0
      524288         65536    double    none       0    10.87   48.25   48.25      0    10.17   51.57   51.57      0
     1048576        131072    double    none       0    14.36   73.03   73.03      0    13.35   78.54   78.54      0
     2097152        262144    double    none       0    20.68  101.40  101.40      0    20.04  104.65  104.65      0
     4194304        524288    double    none       0    27.08  154.91  154.91      0    25.97  161.49  161.49      0
     8388608       1048576    double    none       0    39.51  212.30  212.30      0    37.86  221.55  221.55      0
    16777216       2097152    double    none       0    64.48  260.18  260.18      0    61.25  273.92  273.92      0
    33554432       4194304    double    none       0    112.8  297.44  297.44      0    107.0  313.59  313.59      0
    67108864       8388608    double    none       0    204.6  327.96  327.96      0    198.8  337.56  337.56      0
   134217728      16777216    double    none       0    390.4  343.82  343.82      0    378.3  354.77  354.77      0
           8             4  bfloat16    none       0     6.48    0.00    0.00      0     6.47    0.00    0.00      0
          16             8  bfloat16    none       0     6.48    0.00    0.00      0     6.47    0.00    0.00      0
          32            16  bfloat16    none       0     6.50    0.00    0.00      0     6.47    0.00    0.00      0
          64            32  bfloat16    none       0     6.55    0.01    0.01      0     6.48    0.01    0.01      0
         128            64  bfloat16    none       0     6.56    0.02    0.02      0     6.47    0.02    0.02      0
         256           128  bfloat16    none       0     6.89    0.04    0.04      0     6.45    0.04    0.04      0
         512           256  bfloat16    none       0     6.69    0.08    0.08      0     6.45    0.08    0.08      0
        1024           512  bfloat16    none       0     7.01    0.15    0.15      0     6.74    0.15    0.15      0
        2048          1024  bfloat16    none       0     6.93    0.30    0.30      0     6.77    0.30    0.30      0
        4096          2048  bfloat16    none       0     7.18    0.57    0.57      0     6.82    0.60    0.60      0
        8192          4096  bfloat16    none       0     7.72    1.06    1.06      0     7.57    1.08    1.08      0
       16384          8192  bfloat16    none       0     7.91    2.07    2.07      0     7.68    2.13    2.13      0
       32768         16384  bfloat16    none       0     8.06    4.07    4.07      0     7.79    4.21    4.21      0
       65536         32768  bfloat16    none       0     8.28    7.92    7.92      0     7.92    8.28    8.28      0
      131072         65536  bfloat16    none       0     8.39   15.62   15.62      0     8.06   16.27   16.27      0
      262144        131072  bfloat16    none       0     9.09   28.84   28.84      0     8.93   29.37   29.37      0
      524288        262144  bfloat16    none       0    10.70   48.98   48.98      0    10.23   51.25   51.25      0
     1048576        524288  bfloat16    none       0    14.36   73.00   73.00      0    13.28   78.96   78.96      0
     2097152       1048576  bfloat16    none       0    20.65  101.57  101.57      0    19.91  105.34  105.34      0
     4194304       2097152  bfloat16    none       0    26.88  156.05  156.05      0    25.69  163.25  163.25      0
     8388608       4194304  bfloat16    none       0    39.20  213.99  213.99      0    37.68  222.64  222.64      0
    16777216       8388608  bfloat16    none       0    64.41  260.46  260.46      0    61.16  274.31  274.31      0
    33554432      16777216  bfloat16    none       0    112.3  298.89  298.89      0    107.1  313.30  313.30      0
    67108864      33554432  bfloat16    none       0    204.9  327.55  327.55      0    198.8  337.54  337.54      0
   134217728      67108864  bfloat16    none       0    388.4  345.54  345.54      0    378.4  354.70  354.70      0
# Out of bounds values : 0 OK
# Avg bus bandwidth    : 76.9115 
#

