# nThread 1 nGpus 1 minBytes 8 maxBytes 134217728 step: 2(factor) warmup iters: 100 iters: 1000 agg iters: 1 validation: 1 graph: 0
#
# Using devices
#  Rank  0 Group  0 Pid  29315 on   bjys1148 device  0 [0x2a] NVIDIA H20
#  Rank  1 Group  0 Pid  29316 on   bjys1148 device  1 [0x3a] NVIDIA H20
#
#                                                              out-of-place                       in-place          
#       size         count      type   redop    root     time   algbw   busbw #wrong     time   algbw   busbw #wrong
#        (B)    (elements)                               (us)  (GB/s)  (GB/s)            (us)  (GB/s)  (GB/s)       
           8             8      int8     sum      -1     8.30    0.00    0.00      0     7.85    0.00    0.00      0
          16            16      int8     sum      -1     8.04    0.00    0.00      0     8.01    0.00    0.00      0
          32            32      int8     sum      -1     8.08    0.00    0.00      0     8.03    0.00    0.00      0
          64            64      int8     sum      -1     8.16    0.01    0.01      0     8.06    0.01    0.01      0
         128           128      int8     sum      -1     8.18    0.02    0.02      0     8.07    0.02    0.02      0
         256           256      int8     sum      -1     8.32    0.03    0.03      0     8.09    0.03    0.03      0
         512           512      int8     sum      -1     8.45    0.06    0.06      0     8.11    0.06    0.06      0
        1024          1024      int8     sum      -1     8.68    0.12    0.12      0     8.40    0.12    0.12      0
        2048          2048      int8     sum      -1     8.66    0.24    0.24      0     8.50    0.24    0.24      0
        4096          4096      int8     sum      -1     8.81    0.46    0.46      0     8.65    0.47    0.47      0
        8192          8192      int8     sum      -1     9.32    0.88    0.88      0     9.15    0.90    0.90      0
       16384         16384      int8     sum      -1     9.53    1.72    1.72      0     9.34    1.75    1.75      0
       32768         32768      int8     sum      -1     9.69    3.38    3.38      0     9.63    3.40    3.40      0
       65536         65536      int8     sum      -1     9.91    6.62    6.62      0     9.91    6.61    6.61      0
      131072        131072      int8     sum      -1    10.09   12.99   12.99      0    10.09   12.99   12.99      0
      262144        262144      int8     sum      -1    11.14   23.54   23.54      0    11.14   23.54   23.54      0
      524288        524288      int8     sum      -1    14.17   36.99   36.99      0    14.16   37.03   37.03      0
     1048576       1048576      int8     sum      -1    18.65   56.22   56.22      0    18.62   56.32   56.32      0
     2097152       2097152      int8     sum      -1    31.31   66.99   66.99      0    30.97   67.71   67.71      0
     4194304       4194304      int8     sum      -1    37.45  111.99  111.99      0    36.78  114.05  114.05      0
     8388608       8388608      int8     sum      -1    52.49  159.81  159.81      0    51.30  163.52  163.52      0
    16777216      16777216      int8     sum      -1    81.45  205.97  205.97      0    78.96  212.47  212.47      0
    33554432      33554432      int8     sum      -1    146.7  228.72  228.72      0    145.1  231.20  231.20      0
    67108864      67108864      int8     sum      -1    258.8  259.35  259.35      0    258.3  259.78  259.78      0
   134217728     134217728      int8     sum      -1    481.2  278.93  278.93      0    479.5  279.93  279.93      0
           8             8     uint8     sum      -1     8.03    0.00    0.00      0     8.00    0.00    0.00      0
          16            16     uint8     sum      -1     8.03    0.00    0.00      0     8.01    0.00    0.00      0
          32            32     uint8     sum      -1     8.08    0.00    0.00      0     8.03    0.00    0.00      0
          64            64     uint8     sum      -1     8.16    0.01    0.01      0     8.06    0.01    0.01      0
         128           128     uint8     sum      -1     8.18    0.02    0.02      0     8.08    0.02    0.02      0
         256           256     uint8     sum      -1     8.32    0.03    0.03      0     8.09    0.03    0.03      0
         512           512     uint8     sum      -1     8.46    0.06    0.06      0     8.12    0.06    0.06      0
        1024          1024     uint8     sum      -1     8.69    0.12    0.12      0     8.42    0.12    0.12      0
        2048          2048     uint8     sum      -1     8.66    0.24    0.24      0     8.51    0.24    0.24      0
        4096          4096     uint8     sum      -1     8.81    0.47    0.47      0     8.66    0.47    0.47      0
        8192          8192     uint8     sum      -1     9.32    0.88    0.88      0     9.15    0.89    0.89      0
       16384         16384     uint8     sum      -1     9.48    1.73    1.73      0     9.37    1.75    1.75      0
       32768         32768     uint8     sum      -1     9.66    3.39    3.39      0     9.67    3.39    3.39      0
       65536         65536     uint8     sum      -1     9.84    6.66    6.66      0     9.88    6.63    6.63      0
      131072        131072     uint8     sum      -1    10.02   13.08   13.08      0    10.07   13.01   13.01      0
      262144        262144     uint8     sum      -1    11.07   23.69   23.69      0    11.07   23.67   23.67      0
      524288        524288     uint8     sum      -1    14.15   37.06   37.06      0    14.20   36.92   36.92      0
     1048576       1048576     uint8     sum      -1    18.62   56.32   56.32      0    18.64   56.27   56.27      0
     2097152       2097152     uint8     sum      -1    31.39   66.80   66.80      0    31.06   67.52   67.52      0
     4194304       4194304     uint8     sum      -1    37.47  111.93  111.93      0    36.89  113.69  113.69      0
     8388608       8388608     uint8     sum      -1    52.41  160.06  160.06      0    51.69  162.29  162.29      0
    16777216      16777216     uint8     sum      -1    80.90  207.39  207.39      0    78.96  212.49  212.49      0
    33554432      33554432     uint8     sum      -1    146.6  228.95  228.95      0    145.3  230.91  230.91      0
    67108864      67108864     uint8     sum      -1    260.0  258.12  258.12      0    258.8  259.27  259.27      0
   134217728     134217728     uint8     sum      -1    478.9  280.28  280.28      0    476.3  281.81  281.81      0
           8             2     int32     sum      -1     8.05    0.00    0.00      0     8.03    0.00    0.00      0
          16             4     int32     sum      -1     8.07    0.00    0.00      0     8.03    0.00    0.00      0
          32             8     int32     sum      -1     8.11    0.00    0.00      0     8.05    0.00    0.00      0
          64            16     int32     sum      -1     8.20    0.01    0.01      0     8.10    0.01    0.01      0
         128            32     int32     sum      -1     8.21    0.02    0.02      0     8.12    0.02    0.02      0
         256            64     int32     sum      -1     8.28    0.03    0.03      0     8.06    0.03    0.03      0
         512           128     int32     sum      -1     8.42    0.06    0.06      0     8.09    0.06    0.06      0
        1024           256     int32     sum      -1     8.60    0.12    0.12      0     8.37    0.12    0.12      0
        2048           512     int32     sum      -1     8.63    0.24    0.24      0     8.48    0.24    0.24      0
        4096          1024     int32     sum      -1     8.75    0.47    0.47      0     8.60    0.48    0.48      0
        8192          2048     int32     sum      -1     9.03    0.91    0.91      0     8.88    0.92    0.92      0
       16384          4096     int32     sum      -1     9.21    1.78    1.78      0     9.07    1.81    1.81      0
       32768          8192     int32     sum      -1     9.38    3.49    3.49      0     9.31    3.52    3.52      0
       65536         16384     int32     sum      -1     9.55    6.86    6.86      0     9.59    6.83    6.83      0
      131072         32768     int32     sum      -1     9.77   13.41   13.41      0     9.77   13.42   13.42      0
      262144         65536     int32     sum      -1    10.53   24.89   24.89      0    10.52   24.92   24.92      0
      524288        131072     int32     sum      -1    12.73   41.18   41.18      0    12.69   41.33   41.33      0
     1048576        262144     int32     sum      -1    16.70   62.78   62.78      0    16.63   63.05   63.05      0
     2097152        524288     int32     sum      -1    28.80   72.81   72.81      0    28.46   73.70   73.70      0
     4194304       1048576     int32     sum      -1    34.76  120.67  120.67      0    34.20  122.62  122.62      0
     8388608       2097152     int32     sum      -1    48.59  172.64  172.64      0    47.43  176.85  176.85      0
    16777216       4194304     int32     sum      -1    77.69  215.94  215.94      0    76.07  220.54  220.54      0
    33554432       8388608     int32     sum      -1    139.6  240.32  240.32      0    138.0  243.22  243.22      0
    67108864      16777216     int32     sum      -1    249.3  269.21  269.21      0    248.5  270.07  270.07      0
   134217728      33554432     int32     sum      -1    465.3  288.48  288.48      0    462.7  290.07  290.07      0
           8             2    uint32     sum      -1     8.06    0.00    0.00      0     8.04    0.00    0.00      0
          16             4    uint32     sum      -1     8.06    0.00    0.00      0     8.04    0.00    0.00      0
          32             8    uint32     sum      -1     8.11    0.00    0.00      0     8.06    0.00    0.00      0
          64            16    uint32     sum      -1     8.19    0.01    0.01      0     8.09    0.01    0.01      0
         128            32    uint32     sum      -1     8.21    0.02    0.02      0     8.11    0.02    0.02      0
         256            64    uint32     sum      -1     8.23    0.03    0.03      0     8.05    0.03    0.03      0
         512           128    uint32     sum      -1     8.42    0.06    0.06      0     8.08    0.06    0.06      0
        1024           256    uint32     sum      -1     8.60    0.12    0.12      0     8.38    0.12    0.12      0
        2048           512    uint32     sum      -1     8.62    0.24    0.24      0     8.47    0.24    0.24      0
        4096          1024    uint32     sum      -1     8.75    0.47    0.47      0     8.60    0.48    0.48      0
        8192          2048    uint32     sum      -1     9.03    0.91    0.91      0     8.88    0.92    0.92      0
       16384          4096    uint32     sum      -1     9.20    1.78    1.78      0     9.09    1.80    1.80      0
       32768          8192    uint32     sum      -1     9.36    3.50    3.50      0     9.36    3.50    3.50      0
       65536         16384    uint32     sum      -1     9.56    6.86    6.86      0     9.58    6.84    6.84      0
      131072         32768    uint32     sum      -1     9.76   13.42   13.42      0     9.78   13.41   13.41      0
      262144         65536    uint32     sum      -1    10.57   24.80   24.80      0    10.51   24.94   24.94      0
      524288        131072    uint32     sum      -1    12.72   41.23   41.23      0    12.70   41.27   41.27      0
     1048576        262144    uint32     sum      -1    16.66   62.94   62.94      0    16.60   63.19   63.19      0
     2097152        524288    uint32     sum      -1    28.83   72.75   72.75      0    28.56   73.44   73.44      0
     4194304       1048576    uint32     sum      -1    34.71  120.83  120.83      0    34.23  122.53  122.53      0
     8388608       2097152    uint32     sum      -1    48.93  171.44  171.44      0    48.20  174.04  174.04      0
    16777216       4194304    uint32     sum      -1    77.10  217.61  217.61      0    75.63  221.85  221.85      0
    33554432       8388608    uint32     sum      -1    139.4  240.71  240.71      0    138.2  242.75  242.75      0
    67108864      16777216    uint32     sum      -1    249.8  268.64  268.64      0    248.8  269.68  269.68      0
   134217728      33554432    uint32     sum      -1    463.3  289.73  289.73      0    462.9  289.97  289.97      0
           8             1     int64     sum      -1     8.05    0.00    0.00      0     8.03    0.00    0.00      0
          16             2     int64     sum      -1     8.05    0.00    0.00      0     8.03    0.00    0.00      0
          32             4     int64     sum      -1     8.10    0.00    0.00      0     8.05    0.00    0.00      0
          64             8     int64     sum      -1     8.18    0.01    0.01      0     8.08    0.01    0.01      0
         128            16     int64     sum      -1     8.20    0.02    0.02      0     8.10    0.02    0.02      0
         256            32     int64     sum      -1     8.27    0.03    0.03      0     8.05    0.03    0.03      0
         512            64     int64     sum      -1     8.41    0.06    0.06      0     8.06    0.06    0.06      0
        1024           128     int64     sum      -1     8.64    0.12    0.12      0     8.37    0.12    0.12      0
        2048           256     int64     sum      -1     8.61    0.24    0.24      0     8.47    0.24    0.24      0
        4096           512     int64     sum      -1     8.74    0.47    0.47      0     8.59    0.48    0.48      0
        8192          1024     int64     sum      -1     9.01    0.91    0.91      0     8.86    0.92    0.92      0
       16384          2048     int64     sum      -1     9.18    1.78    1.78      0     9.11    1.80    1.80      0
       32768          4096     int64     sum      -1     9.32    3.52    3.52      0     9.31    3.52    3.52      0
       65536          8192     int64     sum      -1     9.52    6.88    6.88      0     9.55    6.87    6.87      0
      131072         16384     int64     sum      -1     9.74   13.45   13.45      0     9.77   13.41   13.41      0
      262144         32768     int64     sum      -1    10.48   25.02   25.02      0    10.49   24.99   24.99      0
      524288         65536     int64     sum      -1    12.58   41.68   41.68      0    12.55   41.79   41.79      0
     1048576        131072     int64     sum      -1    16.44   63.78   63.78      0    16.36   64.11   64.11      0
     2097152        262144     int64     sum      -1    28.75   72.95   72.95      0    28.41   73.82   73.82      0
     4194304        524288     int64     sum      -1    34.43  121.81  121.81      0    34.10  123.00  123.00      0
     8388608       1048576     int64     sum      -1    48.51  172.92  172.92      0    47.97  174.88  174.88      0
    16777216       2097152     int64     sum      -1    77.78  215.71  215.71      0    74.64  224.77  224.77      0
    33554432       4194304     int64     sum      -1    139.0  241.36  241.36      0    137.9  243.34  243.34      0
    67108864       8388608     int64     sum      -1    248.9  269.58  269.58      0    249.0  269.52  269.52      0
   134217728      16777216     int64     sum      -1    464.1  289.21  289.21      0    462.9  289.93  289.93      0
           8             1    uint64     sum      -1     8.05    0.00    0.00      0     8.04    0.00    0.00      0
          16             2    uint64     sum      -1     8.05    0.00    0.00      0     8.05    0.00    0.00      0
          32             4    uint64     sum      -1     8.10    0.00    0.00      0     8.05    0.00    0.00      0
          64             8    uint64     sum      -1     8.19    0.01    0.01      0     8.08    0.01    0.01      0
         128            16    uint64     sum      -1     8.21    0.02    0.02      0     8.10    0.02    0.02      0
         256            32    uint64     sum      -1     8.27    0.03    0.03      0     8.05    0.03    0.03      0
         512            64    uint64     sum      -1     8.42    0.06    0.06      0     8.08    0.06    0.06      0
        1024           128    uint64     sum      -1     8.63    0.12    0.12      0     8.36    0.12    0.12      0
        2048           256    uint64     sum      -1     8.60    0.24    0.24      0     8.47    0.24    0.24      0
        4096           512    uint64     sum      -1     8.74    0.47    0.47      0     8.58    0.48    0.48      0
        8192          1024    uint64     sum      -1     9.01    0.91    0.91      0     8.86    0.92    0.92      0
       16384          2048    uint64     sum      -1     9.17    1.79    1.79      0     9.13    1.79    1.79      0
       32768          4096    uint64     sum      -1     9.33    3.51    3.51      0     9.29    3.53    3.53      0
       65536          8192    uint64     sum      -1     9.53    6.88    6.88      0     9.55    6.86    6.86      0
      131072         16384    uint64     sum      -1     9.74   13.45   13.45      0     9.75   13.45   13.45      0
      262144         32768    uint64     sum      -1    10.47   25.03   25.03      0    10.54   24.87   24.87      0
      524288         65536    uint64     sum      -1    12.58   41.66   41.66      0    12.58   41.68   41.68      0
     1048576        131072    uint64     sum      -1    16.37   64.04   64.04      0    16.33   64.19   64.19      0
     2097152        262144    uint64     sum      -1    28.76   72.91   72.91      0    28.43   73.77   73.77      0
     4194304        524288    uint64     sum      -1    34.56  121.36  121.36      0    34.06  123.15  123.15      0
     8388608       1048576    uint64     sum      -1    48.19  174.07  174.07      0    47.94  174.98  174.98      0
    16777216       2097152    uint64     sum      -1    76.56  219.13  219.13      0    76.25  220.04  220.04      0
    33554432       4194304    uint64     sum      -1    139.5  240.45  240.45      0    138.1  242.92  242.92      0
    67108864       8388608    uint64     sum      -1    249.2  269.27  269.27      0    249.0  269.49  269.49      0
   134217728      16777216    uint64     sum      -1    464.2  289.13  289.13      0    462.6  290.15  290.15      0
           8             4      half     sum      -1     8.07    0.00    0.00      0     8.06    0.00    0.00      0
          16             8      half     sum      -1     8.08    0.00    0.00      0     8.06    0.00    0.00      0
          32            16      half     sum      -1     8.13    0.00    0.00      0     8.09    0.00    0.00      0
          64            32      half     sum      -1     8.21    0.01    0.01      0     8.11    0.01    0.01      0
         128            64      half     sum      -1     8.24    0.02    0.02      0     8.13    0.02    0.02      0
         256           128      half     sum      -1     8.30    0.03    0.03      0     8.08    0.03    0.03      0
         512           256      half     sum      -1     8.45    0.06    0.06      0     8.10    0.06    0.06      0
        1024           512      half     sum      -1     8.61    0.12    0.12      0     8.40    0.12    0.12      0
        2048          1024      half     sum      -1     8.64    0.24    0.24      0     8.51    0.24    0.24      0
        4096          2048      half     sum      -1     8.77    0.47    0.47      0     8.62    0.48    0.48      0
        8192          4096      half     sum      -1     9.10    0.90    0.90      0     8.94    0.92    0.92      0
       16384          8192      half     sum      -1     9.26    1.77    1.77      0     9.19    1.78    1.78      0
       32768         16384      half     sum      -1     9.41    3.48    3.48      0     9.40    3.49    3.49      0
       65536         32768      half     sum      -1     9.61    6.82    6.82      0     9.64    6.80    6.80      0
      131072         65536      half     sum      -1     9.83   13.33   13.33      0     9.89   13.26   13.26      0
      262144        131072      half     sum      -1    10.72   24.45   24.45      0    10.70   24.49   24.49      0
      524288        262144      half     sum      -1    13.07   40.10   40.10      0    13.07   40.10   40.10      0
     1048576        524288      half     sum      -1    17.11   61.30   61.30      0    17.05   61.49   61.49      0
     2097152       1048576      half     sum      -1    29.05   72.19   72.19      0    28.74   72.98   72.98      0
     4194304       2097152      half     sum      -1    34.99  119.86  119.86      0    34.74  120.72  120.72      0
     8388608       4194304      half     sum      -1    48.49  172.98  172.98      0    48.39  173.34  173.34      0
    16777216       8388608      half     sum      -1    76.52  219.26  219.26      0    76.00  220.75  220.75      0
    33554432      16777216      half     sum      -1    139.2  240.97  240.97      0    138.4  242.50  242.50      0
    67108864      33554432      half     sum      -1    249.3  269.19  269.19      0    248.5  270.02  270.02      0
   134217728      67108864      half     sum      -1    464.2  289.13  289.13      0    462.5  290.21  290.21      0
           8             2     float     sum      -1     8.06    0.00    0.00      0     8.04    0.00    0.00      0
          16             4     float     sum      -1     8.06    0.00    0.00      0     8.03    0.00    0.00      0
          32             8     float     sum      -1     8.11    0.00    0.00      0     8.06    0.00    0.00      0
          64            16     float     sum      -1     8.19    0.01    0.01      0     8.09    0.01    0.01      0
         128            32     float     sum      -1     8.21    0.02    0.02      0     8.11    0.02    0.02      0
         256            64     float     sum      -1     8.28    0.03    0.03      0     8.05    0.03    0.03      0
         512           128     float     sum      -1     8.43    0.06    0.06      0     8.08    0.06    0.06      0
        1024           256     float     sum      -1     8.68    0.12    0.12      0     8.37    0.12    0.12      0
        2048           512     float     sum      -1     8.62    0.24    0.24      0     8.47    0.24    0.24      0
        4096          1024     float     sum      -1     8.74    0.47    0.47      0     8.59    0.48    0.48      0
        8192          2048     float     sum      -1     9.02    0.91    0.91      0     8.88    0.92    0.92      0
       16384          4096     float     sum      -1     9.20    1.78    1.78      0     9.06    1.81    1.81      0
       32768          8192     float     sum      -1     9.38    3.49    3.49      0     9.34    3.51    3.51      0
       65536         16384     float     sum      -1     9.55    6.86    6.86      0     9.57    6.85    6.85      0
      131072         32768     float     sum      -1     9.78   13.40   13.40      0     9.77   13.41   13.41      0
      262144         65536     float     sum      -1    10.53   24.91   24.91      0    10.55   24.84   24.84      0
      524288        131072     float     sum      -1    12.72   41.21   41.21      0    12.70   41.29   41.29      0
     1048576        262144     float     sum      -1    16.71   62.73   62.73      0    16.61   63.13   63.13      0
     2097152        524288     float     sum      -1    29.10   72.07   72.07      0    28.51   73.55   73.55      0
     4194304       1048576     float     sum      -1    34.66  121.02  121.02      0    34.18  122.70  122.70      0
     8388608       2097152     float     sum      -1    48.95  171.39  171.39      0    47.66  175.99  175.99      0
    16777216       4194304     float     sum      -1    77.77  215.72  215.72      0    75.80  221.33  221.33      0
    33554432       8388608     float     sum      -1    139.2  241.01  241.01      0    138.1  243.04  243.04      0
    67108864      16777216     float     sum      -1    249.1  269.44  269.44      0    249.0  269.57  269.57      0
   134217728      33554432     float     sum      -1    464.4  289.03  289.03      0    462.8  289.99  289.99      0
           8             1    double     sum      -1     8.06    0.00    0.00      0     8.03    0.00    0.00      0
          16             2    double     sum      -1     8.06    0.00    0.00      0     8.03    0.00    0.00      0
          32             4    double     sum      -1     8.10    0.00    0.00      0     8.05    0.00    0.00      0
          64             8    double     sum      -1     8.18    0.01    0.01      0     8.08    0.01    0.01      0
         128            16    double     sum      -1     8.20    0.02    0.02      0     8.10    0.02    0.02      0
         256            32    double     sum      -1     8.22    0.03    0.03      0     8.05    0.03    0.03      0
         512            64    double     sum      -1     8.40    0.06    0.06      0     8.06    0.06    0.06      0
        1024           128    double     sum      -1     8.58    0.12    0.12      0     8.36    0.12    0.12      0
        2048           256    double     sum      -1     8.61    0.24    0.24      0     8.46    0.24    0.24      0
        4096           512    double     sum      -1     8.74    0.47    0.47      0     8.59    0.48    0.48      0
        8192          1024    double     sum      -1     9.01    0.91    0.91      0     8.88    0.92    0.92      0
       16384          2048    double     sum      -1     9.20    1.78    1.78      0     9.07    1.81    1.81      0
       32768          4096    double     sum      -1     9.32    3.52    3.52      0     9.31    3.52    3.52      0
       65536          8192    double     sum      -1     9.54    6.87    6.87      0     9.55    6.86    6.86      0
      131072         16384    double     sum      -1     9.75   13.44   13.44      0     9.74   13.46   13.46      0
      262144         32768    double     sum      -1    10.54   24.88   24.88      0    10.44   25.11   25.11      0
      524288         65536    double     sum      -1    12.56   41.75   41.75      0    12.52   41.88   41.88      0
     1048576        131072    double     sum      -1    16.41   63.88   63.88      0    16.29   64.37   64.37      0
     2097152        262144    double     sum      -1    28.88   72.61   72.61      0    28.54   73.47   73.47      0
     4194304        524288    double     sum      -1    35.12  119.44  119.44      0    34.77  120.63  120.63      0
     8388608       1048576    double     sum      -1    49.21  170.45  170.45      0    49.40  169.80  169.80      0
    16777216       2097152    double     sum      -1    78.30  214.27  214.27      0    75.78  221.38  221.38      0
    33554432       4194304    double     sum      -1    140.1  239.42  239.42      0    139.2  241.14  241.14      0
    67108864       8388608    double     sum      -1    249.0  269.55  269.55      0    249.2  269.35  269.35      0
   134217728      16777216    double     sum      -1    464.1  289.21  289.21      0    462.7  290.04  290.04      0
           8             4  bfloat16     sum      -1     8.08    0.00    0.00      0     8.06    0.00    0.00      0
          16             8  bfloat16     sum      -1     8.08    0.00    0.00      0     8.06    0.00    0.00      0
          32            16  bfloat16     sum      -1     8.13    0.00    0.00      0     8.07    0.00    0.00      0
          64            32  bfloat16     sum      -1     8.21    0.01    0.01      0     8.11    0.01    0.01      0
         128            64  bfloat16     sum      -1     8.23    0.02    0.02      0     8.14    0.02    0.02      0
         256           128  bfloat16     sum      -1     8.30    0.03    0.03      0     8.08    0.03    0.03      0
         512           256  bfloat16     sum      -1     8.35    0.06    0.06      0     8.10    0.06    0.06      0
        1024           512  bfloat16     sum      -1     8.65    0.12    0.12      0     8.39    0.12    0.12      0
        2048          1024  bfloat16     sum      -1     8.64    0.24    0.24      0     8.49    0.24    0.24      0
        4096          2048  bfloat16     sum      -1     8.77    0.47    0.47      0     8.62    0.48    0.48      0
        8192          4096  bfloat16     sum      -1     9.11    0.90    0.90      0     8.94    0.92    0.92      0
       16384          8192  bfloat16     sum      -1     9.26    1.77    1.77      0     9.12    1.80    1.80      0
       32768         16384  bfloat16     sum      -1     9.40    3.49    3.49      0     9.40    3.49    3.49      0
       65536         32768  bfloat16     sum      -1     9.62    6.82    6.82      0     9.70    6.76    6.76      0
      131072         65536  bfloat16     sum      -1     9.82   13.34   13.34      0     9.83   13.34   13.34      0
      262144        131072  bfloat16     sum      -1    10.73   24.44   24.44      0    10.77   24.35   24.35      0
      524288        262144  bfloat16     sum      -1    13.08   40.09   40.09      0    13.07   40.13   40.13      0
     1048576        524288  bfloat16     sum      -1    17.04   61.52   61.52      0    17.05   61.49   61.49      0
     2097152       1048576  bfloat16     sum      -1    29.09   72.09   72.09      0    28.76   72.93   72.93      0
     4194304       2097152  bfloat16     sum      -1    35.04  119.71  119.71      0    34.69  120.92  120.92      0
     8388608       4194304  bfloat16     sum      -1    49.23  170.39  170.39      0    48.46  173.12  173.12      0
    16777216       8388608  bfloat16     sum      -1    77.63  216.13  216.13      0    74.74  224.48  224.48      0
    33554432      16777216  bfloat16     sum      -1    139.4  240.62  240.62      0    138.2  242.74  242.74      0
    67108864      33554432  bfloat16     sum      -1    249.2  269.24  269.24      0    248.0  270.59  270.59      0
   134217728      67108864  bfloat16     sum      -1    464.2  289.16  289.16      0    462.5  290.20  290.20      0
# Out of bounds values : 0 OK
# Avg bus bandwidth    : 61.115 
#

