# nThread 1 nGpus 1 minBytes 8 maxBytes 134217728 step: 2(factor) warmup iters: 100 iters: 1000 agg iters: 1 validation: 1 graph: 0
#
# Using devices
#  Rank  0 Group  0 Pid  31194 on   bjys1148 device  0 [0x2a] NVIDIA H20
#  Rank  1 Group  0 Pid  31195 on   bjys1148 device  1 [0x3a] NVIDIA H20
#  Rank  2 Group  0 Pid  31196 on   bjys1148 device  2 [0x4c] NVIDIA H20
#  Rank  3 Group  0 Pid  31197 on   bjys1148 device  3 [0x5c] NVIDIA H20
#
#                                                              out-of-place                       in-place          
#       size         count      type   redop    root     time   algbw   busbw #wrong     time   algbw   busbw #wrong
#        (B)    (elements)                               (us)  (GB/s)  (GB/s)            (us)  (GB/s)  (GB/s)       
           8             2      int8    none       0     7.40    0.00    0.00      0     6.94    0.00    0.00      0
          16             4      int8    none       0     7.08    0.00    0.00      0     7.09    0.00    0.00      0
          32             8      int8    none       0     7.10    0.00    0.00      0     7.11    0.00    0.00      0
          64            16      int8    none       0     7.13    0.01    0.01      0     7.16    0.01    0.01      0
         128            32      int8    none       0     7.12    0.02    0.01      0     7.16    0.02    0.01      0
         256            64      int8    none       0     7.11    0.04    0.03      0     7.22    0.04    0.03      0
         512           128      int8    none       0     7.16    0.07    0.05      0     7.25    0.07    0.05      0
        1024           256      int8    none       0     7.30    0.14    0.11      0     7.21    0.14    0.11      0
        2048           512      int8    none       0     7.24    0.28    0.21      0     7.23    0.28    0.21      0
        4096          1024      int8    none       0     7.12    0.58    0.43      0     7.24    0.57    0.42      0
        8192          2048      int8    none       0     7.07    1.16    0.87      0     7.27    1.13    0.85      0
       16384          4096      int8    none       0     7.37    2.22    1.67      0     7.70    2.13    1.60      0
       32768          8192      int8    none       0     7.92    4.14    3.10      0     8.48    3.86    2.90      0
       65536         16384      int8    none       0     9.56    6.85    5.14      0    10.05    6.52    4.89      0
      131072         32768      int8    none       0     9.49   13.81   10.36      0     9.55   13.73   10.30      0
      262144         65536      int8    none       0    10.36   25.30   18.97      0    10.39   25.23   18.93      0
      524288        131072      int8    none       0    10.42   50.34   37.75      0    10.43   50.25   37.69      0
     1048576        262144      int8    none       0    10.69   98.13   73.60      0    10.63   98.60   73.95      0
     2097152        524288      int8    none       0    12.01  174.56  130.92      0    11.98  175.05  131.29      0
     4194304       1048576      int8    none       0    14.56  288.01  216.01      0    14.29  293.41  220.06      0
     8388608       2097152      int8    none       0    21.84  384.06  288.04      0    22.24  377.17  282.88      0
    16777216       4194304      int8    none       0    40.12  418.22  313.67      0    41.25  406.68  305.01      0
    33554432       8388608      int8    none       0    68.88  487.12  365.34      0    68.55  489.50  367.12      0
    67108864      16777216      int8    none       0    134.5  499.12  374.34      0    135.2  496.37  372.28      0
   134217728      33554432      int8    none       0    268.9  499.15  374.37      0    268.3  500.25  375.18      0
           8             2     uint8    none       0     7.07    0.00    0.00      0     7.08    0.00    0.00      0
          16             4     uint8    none       0     7.07    0.00    0.00      0     7.09    0.00    0.00      0
          32             8     uint8    none       0     7.09    0.00    0.00      0     7.11    0.00    0.00      0
          64            16     uint8    none       0     7.12    0.01    0.01      0     7.18    0.01    0.01      0
         128            32     uint8    none       0     7.12    0.02    0.01      0     7.17    0.02    0.01      0
         256            64     uint8    none       0     7.08    0.04    0.03      0     7.21    0.04    0.03      0
         512           128     uint8    none       0     7.13    0.07    0.05      0     7.24    0.07    0.05      0
        1024           256     uint8    none       0     7.33    0.14    0.10      0     7.23    0.14    0.11      0
        2048           512     uint8    none       0     7.22    0.28    0.21      0     7.23    0.28    0.21      0
        4096          1024     uint8    none       0     7.10    0.58    0.43      0     7.23    0.57    0.42      0
        8192          2048     uint8    none       0     7.06    1.16    0.87      0     7.26    1.13    0.85      0
       16384          4096     uint8    none       0     7.33    2.24    1.68      0     7.67    2.14    1.60      0
       32768          8192     uint8    none       0     7.87    4.16    3.12      0     8.46    3.87    2.91      0
       65536         16384     uint8    none       0     9.56    6.86    5.14      0    10.04    6.53    4.90      0
      131072         32768     uint8    none       0     9.49   13.81   10.36      0     9.54   13.73   10.30      0
      262144         65536     uint8    none       0    10.36   25.30   18.97      0    10.37   25.28   18.96      0
      524288        131072     uint8    none       0    10.41   50.36   37.77      0    10.43   50.27   37.70      0
     1048576        262144     uint8    none       0    10.68   98.21   73.66      0    10.62   98.78   74.08      0
     2097152        524288     uint8    none       0    11.77  178.13  133.60      0    11.64  180.12  135.09      0
     4194304       1048576     uint8    none       0    14.52  288.87  216.66      0    14.47  289.91  217.43      0
     8388608       2097152     uint8    none       0    22.08  380.00  285.00      0    21.74  385.89  289.42      0
    16777216       4194304     uint8    none       0    39.39  425.94  319.45      0    37.88  442.95  332.21      0
    33554432       8388608     uint8    none       0    73.60  455.92  341.94      0    68.51  489.76  367.32      0
    67108864      16777216     uint8    none       0    136.0  493.48  370.11      0    135.5  495.26  371.45      0
   134217728      33554432     uint8    none       0    268.4  500.09  375.07      0    268.8  499.35  374.51      0
           0             0     int32    none       0     0.05    0.00    0.00      0     0.04    0.00    0.00      0
          16             1     int32    none       0     7.09    0.00    0.00      0     7.11    0.00    0.00      0
          32             2     int32    none       0     7.10    0.00    0.00      0     7.12    0.00    0.00      0
          64             4     int32    none       0     7.12    0.01    0.01      0     7.16    0.01    0.01      0
         128             8     int32    none       0     7.12    0.02    0.01      0     7.16    0.02    0.01      0
         256            16     int32    none       0     7.09    0.04    0.03      0     7.22    0.04    0.03      0
         512            32     int32    none       0     7.15    0.07    0.05      0     7.25    0.07    0.05      0
        1024            64     int32    none       0     7.28    0.14    0.11      0     7.23    0.14    0.11      0
        2048           128     int32    none       0     7.22    0.28    0.21      0     7.22    0.28    0.21      0
        4096           256     int32    none       0     7.10    0.58    0.43      0     7.23    0.57    0.42      0
        8192           512     int32    none       0     7.06    1.16    0.87      0     7.26    1.13    0.85      0
       16384          1024     int32    none       0     7.53    2.18    1.63      0     7.52    2.18    1.63      0
       32768          2048     int32    none       0     7.89    4.15    3.11      0     8.46    3.87    2.90      0
       65536          4096     int32    none       0     9.52    6.88    5.16      0    10.04    6.53    4.90      0
      131072          8192     int32    none       0     9.50   13.80   10.35      0     9.54   13.73   10.30      0
      262144         16384     int32    none       0    10.36   25.31   18.98      0    10.38   25.27   18.95      0
      524288         32768     int32    none       0    10.41   50.36   37.77      0    10.44   50.23   37.67      0
     1048576         65536     int32    none       0    10.65   98.43   73.82      0    10.62   98.69   74.02      0
     2097152        131072     int32    none       0    11.76  178.34  133.75      0    11.69  179.39  134.55      0
     4194304        262144     int32    none       0    14.68  285.67  214.26      0    14.36  292.17  219.13      0
     8388608        524288     int32    none       0    21.94  382.32  286.74      0    24.02  349.18  261.88      0
    16777216       1048576     int32    none       0    38.94  430.81  323.11      0    40.24  416.95  312.71      0
    33554432       2097152     int32    none       0    71.73  467.79  350.85      0    68.29  491.39  368.54      0
    67108864       4194304     int32    none       0    134.6  498.71  374.03      0    133.9  501.23  375.92      0
   134217728       8388608     int32    none       0    268.6  499.75  374.81      0    268.3  500.25  375.19      0
           0             0    uint32    none       0     0.05    0.00    0.00      0     0.04    0.00    0.00      0
          16             1    uint32    none       0     7.09    0.00    0.00      0     7.12    0.00    0.00      0
          32             2    uint32    none       0     7.10    0.00    0.00      0     7.12    0.00    0.00      0
          64             4    uint32    none       0     7.12    0.01    0.01      0     7.17    0.01    0.01      0
         128             8    uint32    none       0     7.13    0.02    0.01      0     7.17    0.02    0.01      0
         256            16    uint32    none       0     7.08    0.04    0.03      0     7.22    0.04    0.03      0
         512            32    uint32    none       0     7.14    0.07    0.05      0     7.24    0.07    0.05      0
        1024            64    uint32    none       0     7.33    0.14    0.10      0     7.22    0.14    0.11      0
        2048           128    uint32    none       0     7.22    0.28    0.21      0     7.22    0.28    0.21      0
        4096           256    uint32    none       0     7.09    0.58    0.43      0     7.23    0.57    0.42      0
        8192           512    uint32    none       0     7.07    1.16    0.87      0     7.25    1.13    0.85      0
       16384          1024    uint32    none       0     7.32    2.24    1.68      0     7.67    2.14    1.60      0
       32768          2048    uint32    none       0     7.87    4.17    3.12      0     8.46    3.87    2.91      0
       65536          4096    uint32    none       0     9.52    6.89    5.17      0    10.04    6.53    4.89      0
      131072          8192    uint32    none       0     9.50   13.79   10.35      0     9.54   13.74   10.31      0
      262144         16384    uint32    none       0    10.35   25.33   19.00      0    10.38   25.26   18.95      0
      524288         32768    uint32    none       0    10.42   50.32   37.74      0    10.46   50.13   37.60      0
     1048576         65536    uint32    none       0    10.67   98.29   73.72      0    10.62   98.74   74.05      0
     2097152        131072    uint32    none       0    11.63  180.30  135.22      0    11.49  182.52  136.89      0
     4194304        262144    uint32    none       0    14.55  288.28  216.21      0    14.50  289.34  217.01      0
     8388608        524288    uint32    none       0    21.92  382.78  287.08      0    22.73  369.10  276.82      0
    16777216       1048576    uint32    none       0    40.27  416.63  312.47      0    36.82  455.69  341.77      0
    33554432       2097152    uint32    none       0    71.98  466.18  349.63      0    75.53  444.26  333.20      0
    67108864       4194304    uint32    none       0    135.1  496.78  372.58      0    135.3  496.08  372.06      0
   134217728       8388608    uint32    none       0    269.5  498.04  373.53      0    269.6  497.75  373.31      0
           0             0     int64    none       0     0.05    0.00    0.00      0     0.04    0.00    0.00      0
           0             0     int64    none       0     0.04    0.00    0.00      0     0.05    0.00    0.00      0
          32             1     int64    none       0     7.12    0.00    0.00      0     7.17    0.00    0.00      0
          64             2     int64    none       0     7.11    0.01    0.01      0     7.17    0.01    0.01      0
         128             4     int64    none       0     7.11    0.02    0.01      0     7.16    0.02    0.01      0
         256             8     int64    none       0     7.08    0.04    0.03      0     7.22    0.04    0.03      0
         512            16     int64    none       0     7.14    0.07    0.05      0     7.24    0.07    0.05      0
        1024            32     int64    none       0     7.33    0.14    0.10      0     7.22    0.14    0.11      0
        2048            64     int64    none       0     7.22    0.28    0.21      0     7.22    0.28    0.21      0
        4096           128     int64    none       0     7.10    0.58    0.43      0     7.23    0.57    0.42      0
        8192           256     int64    none       0     7.07    1.16    0.87      0     7.26    1.13    0.85      0
       16384           512     int64    none       0     7.32    2.24    1.68      0     7.68    2.13    1.60      0
       32768          1024     int64    none       0     7.87    4.16    3.12      0     8.46    3.87    2.90      0
       65536          2048     int64    none       0     9.51    6.89    5.17      0    10.03    6.53    4.90      0
      131072          4096     int64    none       0     9.50   13.80   10.35      0     9.54   13.74   10.31      0
      262144          8192     int64    none       0    10.35   25.32   18.99      0    10.37   25.27   18.95      0
      524288         16384     int64    none       0    10.41   50.36   37.77      0    10.48   50.03   37.52      0
     1048576         32768     int64    none       0    10.71   97.90   73.43      0    10.62   98.75   74.06      0
     2097152         65536     int64    none       0    11.70  179.23  134.42      0    11.59  180.99  135.75      0
     4194304        131072     int64    none       0    14.61  287.17  215.38      0    14.38  291.73  218.80      0
     8388608        262144     int64    none       0    22.57  371.70  278.78      0    21.42  391.71  293.78      0
    16777216        524288     int64    none       0    39.47  425.06  318.79      0    41.50  404.25  303.19      0
    33554432       1048576     int64    none       0    68.94  486.73  365.04      0    68.41  490.50  367.87      0
    67108864       2097152     int64    none       0    135.2  496.28  372.21      0    135.2  496.53  372.40      0
   134217728       4194304     int64    none       0    268.7  499.48  374.61      0    269.0  498.89  374.16      0
           0             0    uint64    none       0     0.05    0.00    0.00      0     0.04    0.00    0.00      0
           0             0    uint64    none       0     0.04    0.00    0.00      0     0.04    0.00    0.00      0
          32             1    uint64    none       0     7.12    0.00    0.00      0     7.17    0.00    0.00      0
          64             2    uint64    none       0     7.10    0.01    0.01      0     7.17    0.01    0.01      0
         128             4    uint64    none       0     7.13    0.02    0.01      0     7.16    0.02    0.01      0
         256             8    uint64    none       0     7.08    0.04    0.03      0     7.22    0.04    0.03      0
         512            16    uint64    none       0     7.15    0.07    0.05      0     7.25    0.07    0.05      0
        1024            32    uint64    none       0     7.34    0.14    0.10      0     7.22    0.14    0.11      0
        2048            64    uint64    none       0     7.17    0.29    0.21      0     7.22    0.28    0.21      0
        4096           128    uint64    none       0     7.09    0.58    0.43      0     7.24    0.57    0.42      0
        8192           256    uint64    none       0     7.06    1.16    0.87      0     7.26    1.13    0.85      0
       16384           512    uint64    none       0     7.33    2.24    1.68      0     7.67    2.14    1.60      0
       32768          1024    uint64    none       0     7.87    4.16    3.12      0     8.47    3.87    2.90      0
       65536          2048    uint64    none       0     9.52    6.89    5.17      0    10.04    6.52    4.89      0
      131072          4096    uint64    none       0     9.49   13.81   10.36      0     9.54   13.74   10.30      0
      262144          8192    uint64    none       0    10.36   25.30   18.97      0    10.37   25.27   18.95      0
      524288         16384    uint64    none       0    10.44   50.21   37.66      0    10.44   50.21   37.66      0
     1048576         32768    uint64    none       0    10.68   98.17   73.63      0    10.62   98.70   74.02      0
     2097152         65536    uint64    none       0    11.62  180.41  135.31      0    11.42  183.66  137.74      0
     4194304        131072    uint64    none       0    14.58  287.59  215.69      0    14.42  290.82  218.11      0
     8388608        262144    uint64    none       0    22.27  376.59  282.45      0    22.23  377.38  283.04      0
    16777216        524288    uint64    none       0    36.97  453.77  340.33      0    37.53  447.00  335.25      0
    33554432       1048576    uint64    none       0    68.99  486.38  364.79      0    75.55  444.12  333.09      0
    67108864       2097152    uint64    none       0    135.3  495.98  371.98      0    135.0  496.94  372.71      0
   134217728       4194304    uint64    none       0    268.5  499.93  374.95      0    269.3  498.40  373.80      0
           8             1      half    none       0     7.07    0.00    0.00      0     7.10    0.00    0.00      0
          16             2      half    none       0     7.07    0.00    0.00      0     7.08    0.00    0.00      0
          32             4      half    none       0     7.09    0.00    0.00      0     7.11    0.00    0.00      0
          64             8      half    none       0     7.12    0.01    0.01      0     7.16    0.01    0.01      0
         128            16      half    none       0     7.12    0.02    0.01      0     7.16    0.02    0.01      0
         256            32      half    none       0     7.23    0.04    0.03      0     7.06    0.04    0.03      0
         512            64      half    none       0     7.15    0.07    0.05      0     7.25    0.07    0.05      0
        1024           128      half    none       0     7.29    0.14    0.11      0     7.21    0.14    0.11      0
        2048           256      half    none       0     7.23    0.28    0.21      0     7.23    0.28    0.21      0
        4096           512      half    none       0     7.10    0.58    0.43      0     7.23    0.57    0.42      0
        8192          1024      half    none       0     7.07    1.16    0.87      0     7.26    1.13    0.85      0
       16384          2048      half    none       0     7.35    2.23    1.67      0     7.68    2.13    1.60      0
       32768          4096      half    none       0     7.88    4.16    3.12      0     8.46    3.87    2.91      0
       65536          8192      half    none       0     9.52    6.89    5.16      0    10.04    6.53    4.90      0
      131072         16384      half    none       0     9.49   13.81   10.36      0     9.54   13.73   10.30      0
      262144         32768      half    none       0    10.35   25.32   18.99      0    10.37   25.27   18.95      0
      524288         65536      half    none       0    10.41   50.34   37.76      0    10.44   50.24   37.68      0
     1048576        131072      half    none       0    10.66   98.40   73.80      0    10.60   98.89   74.17      0
     2097152        262144      half    none       0    11.81  177.61  133.21      0    11.58  181.12  135.84      0
     4194304        524288      half    none       0    14.47  289.87  217.40      0    14.35  292.25  219.18      0
     8388608       1048576      half    none       0    21.85  383.93  287.95      0    24.60  340.94  255.71      0
    16777216       2097152      half    none       0    41.18  407.40  305.55      0    37.65  445.59  334.19      0
    33554432       4194304      half    none       0    68.23  491.79  368.84      0    67.71  495.55  371.67      0
    67108864       8388608      half    none       0    133.9  501.34  376.00      0    133.8  501.41  376.05      0
   134217728      16777216      half    none       0    268.5  499.87  374.90      0    268.1  500.57  375.43      0
           0             0     float    none       0     0.04    0.00    0.00      0     0.04    0.00    0.00      0
          16             1     float    none       0     7.09    0.00    0.00      0     7.12    0.00    0.00      0
          32             2     float    none       0     7.10    0.00    0.00      0     7.11    0.00    0.00      0
          64             4     float    none       0     7.11    0.01    0.01      0     7.17    0.01    0.01      0
         128             8     float    none       0     7.12    0.02    0.01      0     7.17    0.02    0.01      0
         256            16     float    none       0     7.08    0.04    0.03      0     7.21    0.04    0.03      0
         512            32     float    none       0     7.14    0.07    0.05      0     7.25    0.07    0.05      0
        1024            64     float    none       0     7.33    0.14    0.10      0     7.22    0.14    0.11      0
        2048           128     float    none       0     7.22    0.28    0.21      0     7.22    0.28    0.21      0
        4096           256     float    none       0     7.10    0.58    0.43      0     7.23    0.57    0.42      0
        8192           512     float    none       0     7.09    1.16    0.87      0     7.26    1.13    0.85      0
       16384          1024     float    none       0     7.33    2.24    1.68      0     7.68    2.13    1.60      0
       32768          2048     float    none       0     7.87    4.17    3.12      0     8.46    3.87    2.90      0
       65536          4096     float    none       0     9.51    6.89    5.17      0    10.05    6.52    4.89      0
      131072          8192     float    none       0     9.49   13.81   10.36      0     9.56   13.71   10.28      0
      262144         16384     float    none       0    10.35   25.34   19.00      0    10.37   25.27   18.95      0
      524288         32768     float    none       0    10.41   50.38   37.79      0    10.43   50.27   37.70      0
     1048576         65536     float    none       0    10.69   98.13   73.60      0    10.63   98.68   74.01      0
     2097152        131072     float    none       0    11.72  178.98  134.24      0    11.54  181.77  136.32      0
     4194304        262144     float    none       0    14.54  288.53  216.40      0    14.30  293.28  219.96      0
     8388608        524288     float    none       0    21.77  385.37  289.02      0    22.61  371.06  278.30      0
    16777216       1048576     float    none       0    41.51  404.19  303.15      0    41.19  407.34  305.51      0
    33554432       2097152     float    none       0    75.55  444.14  333.10      0    75.48  444.58  333.43      0
    67108864       4194304     float    none       0    134.0  500.86  375.65      0    135.1  496.62  372.47      0
   134217728       8388608     float    none       0    276.5  485.36  364.02      0    268.5  499.85  374.89      0
           0             0    double    none       0     0.04    0.00    0.00      0     0.04    0.00    0.00      0
           0             0    double    none       0     0.05    0.00    0.00      0     0.04    0.00    0.00      0
          32             1    double    none       0     7.12    0.00    0.00      0     7.18    0.00    0.00      0
          64             2    double    none       0     7.11    0.01    0.01      0     7.17    0.01    0.01      0
         128             4    double    none       0     7.12    0.02    0.01      0     7.16    0.02    0.01      0
         256             8    double    none       0     7.08    0.04    0.03      0     7.22    0.04    0.03      0
         512            16    double    none       0     7.14    0.07    0.05      0     7.25    0.07    0.05      0
        1024            32    double    none       0     7.34    0.14    0.10      0     7.22    0.14    0.11      0
        2048            64    double    none       0     7.22    0.28    0.21      0     7.22    0.28    0.21      0
        4096           128    double    none       0     7.10    0.58    0.43      0     7.23    0.57    0.42      0
        8192           256    double    none       0     7.06    1.16    0.87      0     7.26    1.13    0.85      0
       16384           512    double    none       0     7.33    2.24    1.68      0     7.68    2.13    1.60      0
       32768          1024    double    none       0     7.87    4.17    3.12      0     8.46    3.88    2.91      0
       65536          2048    double    none       0     9.51    6.89    5.17      0    10.04    6.53    4.90      0
      131072          4096    double    none       0     9.50   13.80   10.35      0     9.54   13.73   10.30      0
      262144          8192    double    none       0    10.36   25.30   18.98      0    10.37   25.28   18.96      0
      524288         16384    double    none       0    10.43   50.29   37.72      0    10.45   50.18   37.64      0
     1048576         32768    double    none       0    10.68   98.21   73.66      0    10.62   98.72   74.04      0
     2097152         65536    double    none       0    11.66  179.86  134.89      0    11.58  181.13  135.85      0
     4194304        131072    double    none       0    14.50  289.23  216.93      0    14.27  293.84  220.38      0
     8388608        262144    double    none       0    22.05  380.45  285.34      0    21.92  382.70  287.03      0
    16777216        524288    double    none       0    40.67  412.49  309.37      0    37.67  445.40  334.05      0
    33554432       1048576    double    none       0    69.10  485.58  364.19      0    68.50  489.87  367.40      0
    67108864       2097152    double    none       0    135.7  494.62  370.96      0    135.1  496.75  372.56      0
   134217728       4194304    double    none       0    269.4  498.29  373.71      0    268.9  499.05  374.29      0
           8             1  bfloat16    none       0     7.07    0.00    0.00      0     7.09    0.00    0.00      0
          16             2  bfloat16    none       0     7.08    0.00    0.00      0     7.08    0.00    0.00      0
          32             4  bfloat16    none       0     7.09    0.00    0.00      0     7.11    0.00    0.00      0
          64             8  bfloat16    none       0     7.12    0.01    0.01      0     7.16    0.01    0.01      0
         128            16  bfloat16    none       0     7.12    0.02    0.01      0     7.16    0.02    0.01      0
         256            32  bfloat16    none       0     7.08    0.04    0.03      0     7.21    0.04    0.03      0
         512            64  bfloat16    none       0     7.16    0.07    0.05      0     7.25    0.07    0.05      0
        1024           128  bfloat16    none       0     7.28    0.14    0.11      0     7.22    0.14    0.11      0
        2048           256  bfloat16    none       0     7.23    0.28    0.21      0     7.22    0.28    0.21      0
        4096           512  bfloat16    none       0     7.09    0.58    0.43      0     7.23    0.57    0.42      0
        8192          1024  bfloat16    none       0     7.06    1.16    0.87      0     7.26    1.13    0.85      0
       16384          2048  bfloat16    none       0     7.33    2.24    1.68      0     7.67    2.13    1.60      0
       32768          4096  bfloat16    none       0     7.87    4.16    3.12      0     8.45    3.88    2.91      0
       65536          8192  bfloat16    none       0     9.51    6.89    5.17      0    10.03    6.53    4.90      0
      131072         16384  bfloat16    none       0     9.49   13.81   10.36      0     9.55   13.73   10.29      0
      262144         32768  bfloat16    none       0    10.35   25.33   19.00      0    10.37   25.28   18.96      0
      524288         65536  bfloat16    none       0    10.40   50.41   37.81      0    10.43   50.26   37.70      0
     1048576        131072  bfloat16    none       0    10.65   98.45   73.84      0    10.62   98.69   74.02      0
     2097152        262144  bfloat16    none       0    11.63  180.32  135.24      0    11.66  179.91  134.93      0
     4194304        524288  bfloat16    none       0    14.52  288.93  216.69      0    14.57  287.87  215.90      0
     8388608       1048576  bfloat16    none       0    21.95  382.12  286.59      0    21.91  382.89  287.17      0
    16777216       2097152  bfloat16    none       0    36.66  457.62  343.21      0    40.27  416.59  312.44      0
    33554432       4194304  bfloat16    none       0    71.60  468.63  351.48      0    69.39  483.55  362.66      0
    67108864       8388608  bfloat16    none       0    135.6  495.06  371.29      0    134.9  497.50  373.12      0
   134217728      16777216  bfloat16    none       0    267.9  500.98  375.74      0    268.1  500.61  375.45      0
# Out of bounds values : 0 OK
# Avg bus bandwidth    : 88.4312 
#

