# nThread 1 nGpus 1 minBytes 8 maxBytes 134217728 step: 2(factor) warmup iters: 100 iters: 1000 agg iters: 1 validation: 1 graph: 0
#
# Using devices
#  Rank  0 Group  0 Pid  28727 on   bjys1148 device  0 [0x2a] NVIDIA H20
#  Rank  1 Group  0 Pid  28728 on   bjys1148 device  1 [0x3a] NVIDIA H20
#  Rank  2 Group  0 Pid  28729 on   bjys1148 device  2 [0x4c] NVIDIA H20
#  Rank  3 Group  0 Pid  28730 on   bjys1148 device  3 [0x5c] NVIDIA H20
#
#                                                              out-of-place                       in-place          
#       size         count      type   redop    root     time   algbw   busbw #wrong     time   algbw   busbw #wrong
#        (B)    (elements)                               (us)  (GB/s)  (GB/s)            (us)  (GB/s)  (GB/s)       
           0             0      int8    none      -1     0.12    0.00    0.00      0     0.12    0.00    0.00      0
          16             4      int8    none      -1     9.35    0.00    0.00      0     9.03    0.00    0.00      0
          32             8      int8    none      -1     9.09    0.00    0.00      0     9.03    0.00    0.00      0
          64            16      int8    none      -1     9.14    0.01    0.01      0     9.04    0.01    0.01      0
         128            32      int8    none      -1     9.16    0.01    0.01      0     9.05    0.01    0.01      0
         256            64      int8    none      -1     9.21    0.03    0.02      0     9.10    0.03    0.02      0
         512           128      int8    none      -1     9.32    0.05    0.04      0     9.15    0.06    0.04      0
        1024           256      int8    none      -1     9.55    0.11    0.08      0     9.18    0.11    0.08      0
        2048           512      int8    none      -1     9.55    0.21    0.16      0     9.22    0.22    0.17      0
        4096          1024      int8    none      -1     9.52    0.43    0.32      0     9.33    0.44    0.33      0
        8192          2048      int8    none      -1     9.68    0.85    0.63      0     9.49    0.86    0.65      0
       16384          4096      int8    none      -1    10.55    1.55    1.16      0    10.23    1.60    1.20      0
       32768          8192      int8    none      -1    10.81    3.03    2.27      0    10.50    3.12    2.34      0
       65536         16384      int8    none      -1    10.98    5.97    4.48      0    10.73    6.11    4.58      0
      131072         32768      int8    none      -1    11.12   11.78    8.84      0    10.91   12.02    9.01      0
      262144         65536      int8    none      -1    11.26   23.28   17.46      0    11.04   23.74   17.81      0
      524288        131072      int8    none      -1    13.70   38.26   28.70      0    13.26   39.54   29.66      0
     1048576        262144      int8    none      -1    16.09   65.15   48.87      0    15.49   67.68   50.76      0
     2097152        524288      int8    none      -1    22.03   95.18   71.38      0    21.01   99.81   74.86      0
     4194304       1048576      int8    none      -1    38.77  108.18   81.13      0    37.94  110.55   82.92      0
     8388608       2097152      int8    none      -1    46.30  181.19  135.90      0    45.65  183.77  137.83      0
    16777216       4194304      int8    none      -1    63.47  264.32  198.24      0    61.85  271.25  203.44      0
    33554432       8388608      int8    none      -1    104.4  321.52  241.14      0    103.2  325.14  243.86      0
    67108864      16777216      int8    none      -1    187.1  358.63  268.98      0    185.2  362.32  271.74      0
   134217728      33554432      int8    none      -1    344.3  389.78  292.33      0    343.2  391.13  293.35      0
           0             0     uint8    none      -1     0.12    0.00    0.00      0     0.12    0.00    0.00      0
          16             4     uint8    none      -1     9.04    0.00    0.00      0     9.02    0.00    0.00      0
          32             8     uint8    none      -1     9.09    0.00    0.00      0     9.04    0.00    0.00      0
          64            16     uint8    none      -1     9.14    0.01    0.01      0     9.04    0.01    0.01      0
         128            32     uint8    none      -1     9.17    0.01    0.01      0     9.05    0.01    0.01      0
         256            64     uint8    none      -1     9.21    0.03    0.02      0     9.10    0.03    0.02      0
         512           128     uint8    none      -1     9.31    0.05    0.04      0     9.13    0.06    0.04      0
        1024           256     uint8    none      -1     9.60    0.11    0.08      0     9.16    0.11    0.08      0
        2048           512     uint8    none      -1     9.53    0.21    0.16      0     9.22    0.22    0.17      0
        4096          1024     uint8    none      -1     9.52    0.43    0.32      0     9.31    0.44    0.33      0
        8192          2048     uint8    none      -1     9.69    0.85    0.63      0     9.49    0.86    0.65      0
       16384          4096     uint8    none      -1    10.53    1.56    1.17      0    10.24    1.60    1.20      0
       32768          8192     uint8    none      -1    10.79    3.04    2.28      0    10.48    3.13    2.35      0
       65536         16384     uint8    none      -1    10.95    5.99    4.49      0    10.74    6.10    4.58      0
      131072         32768     uint8    none      -1    11.06   11.86    8.89      0    10.83   12.10    9.08      0
      262144         65536     uint8    none      -1    11.16   23.48   17.61      0    11.02   23.79   17.84      0
      524288        131072     uint8    none      -1    13.67   38.35   28.76      0    13.21   39.68   29.76      0
     1048576        262144     uint8    none      -1    16.13   65.02   48.76      0    15.48   67.74   50.81      0
     2097152        524288     uint8    none      -1    21.93   95.63   71.72      0    20.99   99.93   74.95      0
     4194304       1048576     uint8    none      -1    38.67  108.46   81.34      0    37.86  110.78   83.09      0
     8388608       2097152     uint8    none      -1    46.18  181.65  136.24      0    45.55  184.15  138.11      0
    16777216       4194304     uint8    none      -1    63.47  264.34  198.26      0    62.35  269.07  201.81      0
    33554432       8388608     uint8    none      -1    104.0  322.78  242.08      0    103.1  325.41  244.06      0
    67108864      16777216     uint8    none      -1    187.1  358.66  268.99      0    185.5  361.81  271.36      0
   134217728      33554432     uint8    none      -1    346.9  386.90  290.17      0    343.2  391.12  293.34      0
           0             0     int32    none      -1     0.12    0.00    0.00      0     0.12    0.00    0.00      0
           0             0     int32    none      -1     0.12    0.00    0.00      0     0.11    0.00    0.00      0
           0             0     int32    none      -1     0.12    0.00    0.00      0     0.12    0.00    0.00      0
          64             4     int32    none      -1     9.27    0.01    0.01      0     9.04    0.01    0.01      0
         128             8     int32    none      -1     9.17    0.01    0.01      0     9.07    0.01    0.01      0
         256            16     int32    none      -1     9.22    0.03    0.02      0     9.10    0.03    0.02      0
         512            32     int32    none      -1     9.32    0.05    0.04      0     9.15    0.06    0.04      0
        1024            64     int32    none      -1     9.60    0.11    0.08      0     9.16    0.11    0.08      0
        2048           128     int32    none      -1     9.55    0.21    0.16      0     9.21    0.22    0.17      0
        4096           256     int32    none      -1     9.51    0.43    0.32      0     9.32    0.44    0.33      0
        8192           512     int32    none      -1     9.68    0.85    0.63      0     9.48    0.86    0.65      0
       16384          1024     int32    none      -1    10.55    1.55    1.17      0    10.23    1.60    1.20      0
       32768          2048     int32    none      -1    10.80    3.03    2.28      0    10.51    3.12    2.34      0
       65536          4096     int32    none      -1    10.93    6.00    4.50      0    10.72    6.11    4.58      0
      131072          8192     int32    none      -1    11.04   11.87    8.90      0    10.88   12.05    9.04      0
      262144         16384     int32    none      -1    11.17   23.47   17.60      0    11.00   23.82   17.87      0
      524288         32768     int32    none      -1    13.67   38.36   28.77      0    13.28   39.48   29.61      0
     1048576         65536     int32    none      -1    16.11   65.10   48.82      0    15.46   67.84   50.88      0
     2097152        131072     int32    none      -1    22.05   95.11   71.33      0    21.01   99.80   74.85      0
     4194304        262144     int32    none      -1    38.82  108.05   81.03      0    37.94  110.56   82.92      0
     8388608        524288     int32    none      -1    46.28  181.27  135.95      0    45.64  183.81  137.86      0
    16777216       1048576     int32    none      -1    63.51  264.16  198.12      0    62.04  270.41  202.81      0
    33554432       2097152     int32    none      -1    104.1  322.18  241.64      0    103.3  324.69  243.52      0
    67108864       4194304     int32    none      -1    186.6  359.64  269.73      0    184.6  363.58  272.68      0
   134217728       8388608     int32    none      -1    345.8  388.16  291.12      0    342.9  391.41  293.55      0
           0             0    uint32    none      -1     0.12    0.00    0.00      0     0.12    0.00    0.00      0
           0             0    uint32    none      -1     0.12    0.00    0.00      0     0.12    0.00    0.00      0
           0             0    uint32    none      -1     0.12    0.00    0.00      0     0.11    0.00    0.00      0
          64             4    uint32    none      -1     9.25    0.01    0.01      0     9.04    0.01    0.01      0
         128             8    uint32    none      -1     9.16    0.01    0.01      0     9.06    0.01    0.01      0
         256            16    uint32    none      -1     9.21    0.03    0.02      0     9.11    0.03    0.02      0
         512            32    uint32    none      -1     9.33    0.05    0.04      0     9.15    0.06    0.04      0
        1024            64    uint32    none      -1     9.54    0.11    0.08      0     9.18    0.11    0.08      0
        2048           128    uint32    none      -1     9.56    0.21    0.16      0     9.21    0.22    0.17      0
        4096           256    uint32    none      -1     9.52    0.43    0.32      0     9.32    0.44    0.33      0
        8192           512    uint32    none      -1     9.69    0.85    0.63      0     9.48    0.86    0.65      0
       16384          1024    uint32    none      -1    10.53    1.56    1.17      0    10.22    1.60    1.20      0
       32768          2048    uint32    none      -1    10.80    3.03    2.28      0    10.48    3.13    2.35      0
       65536          4096    uint32    none      -1    10.95    5.98    4.49      0    10.72    6.11    4.58      0
      131072          8192    uint32    none      -1    11.11   11.80    8.85      0    10.83   12.10    9.08      0
      262144         16384    uint32    none      -1    11.24   23.33   17.49      0    11.01   23.81   17.86      0
      524288         32768    uint32    none      -1    13.72   38.20   28.65      0    13.24   39.59   29.70      0
     1048576         65536    uint32    none      -1    16.10   65.14   48.85      0    15.54   67.46   50.60      0
     2097152        131072    uint32    none      -1    21.97   95.44   71.58      0    20.92  100.24   75.18      0
     4194304        262144    uint32    none      -1    38.78  108.15   81.11      0    37.87  110.76   83.07      0
     8388608        524288    uint32    none      -1    46.19  181.61  136.21      0    45.51  184.31  138.23      0
    16777216       1048576    uint32    none      -1    63.24  265.29  198.96      0    62.28  269.40  202.05      0
    33554432       2097152    uint32    none      -1    104.3  321.70  241.27      0    103.0  325.86  244.40      0
    67108864       4194304    uint32    none      -1    186.1  360.57  270.43      0    185.3  362.16  271.62      0
   134217728       8388608    uint32    none      -1    345.0  389.00  291.75      0    342.3  392.16  294.12      0
           0             0     int64    none      -1     0.12    0.00    0.00      0     0.12    0.00    0.00      0
           0             0     int64    none      -1     0.12    0.00    0.00      0     0.12    0.00    0.00      0
           0             0     int64    none      -1     0.12    0.00    0.00      0     0.12    0.00    0.00      0
           0             0     int64    none      -1     0.11    0.00    0.00      0     0.12    0.00    0.00      0
         128             4     int64    none      -1     9.26    0.01    0.01      0     9.06    0.01    0.01      0
         256             8     int64    none      -1     9.20    0.03    0.02      0     9.11    0.03    0.02      0
         512            16     int64    none      -1     9.35    0.05    0.04      0     9.13    0.06    0.04      0
        1024            32     int64    none      -1     9.55    0.11    0.08      0     9.17    0.11    0.08      0
        2048            64     int64    none      -1     9.42    0.22    0.16      0     9.22    0.22    0.17      0
        4096           128     int64    none      -1     9.59    0.43    0.32      0     9.32    0.44    0.33      0
        8192           256     int64    none      -1     9.68    0.85    0.63      0     9.48    0.86    0.65      0
       16384           512     int64    none      -1    10.53    1.56    1.17      0    10.22    1.60    1.20      0
       32768          1024     int64    none      -1    10.83    3.03    2.27      0    10.47    3.13    2.35      0
       65536          2048     int64    none      -1    10.95    5.98    4.49      0    10.71    6.12    4.59      0
      131072          4096     int64    none      -1    11.12   11.79    8.84      0    10.84   12.09    9.07      0
      262144          8192     int64    none      -1    11.18   23.45   17.59      0    11.05   23.71   17.79      0
      524288         16384     int64    none      -1    13.68   38.33   28.74      0    13.22   39.65   29.73      0
     1048576         32768     int64    none      -1    16.12   65.04   48.78      0    15.51   67.63   50.72      0
     2097152         65536     int64    none      -1    21.97   95.47   71.60      0    20.92  100.24   75.18      0
     4194304        131072     int64    none      -1    38.73  108.30   81.22      0    37.96  110.51   82.88      0
     8388608        262144     int64    none      -1    46.36  180.96  135.72      0    45.53  184.23  138.18      0
    16777216        524288     int64    none      -1    63.38  264.73  198.55      0    62.32  269.20  201.90      0
    33554432       1048576     int64    none      -1    104.0  322.62  241.97      0    102.8  326.40  244.80      0
    67108864       2097152     int64    none      -1    187.3  358.27  268.70      0    185.8  361.14  270.85      0
   134217728       4194304     int64    none      -1    343.3  390.91  293.18      0    342.5  391.89  293.92      0
           0             0    uint64    none      -1     0.12    0.00    0.00      0     0.11    0.00    0.00      0
           0             0    uint64    none      -1     0.11    0.00    0.00      0     0.11    0.00    0.00      0
           0             0    uint64    none      -1     0.11    0.00    0.00      0     0.12    0.00    0.00      0
           0             0    uint64    none      -1     0.12    0.00    0.00      0     0.12    0.00    0.00      0
         128             4    uint64    none      -1     9.27    0.01    0.01      0     9.05    0.01    0.01      0
         256             8    uint64    none      -1     9.20    0.03    0.02      0     9.10    0.03    0.02      0
         512            16    uint64    none      -1     9.35    0.05    0.04      0     9.13    0.06    0.04      0
        1024            32    uint64    none      -1     9.59    0.11    0.08      0     9.16    0.11    0.08      0
        2048            64    uint64    none      -1     9.55    0.21    0.16      0     9.21    0.22    0.17      0
        4096           128    uint64    none      -1     9.52    0.43    0.32      0     9.31    0.44    0.33      0
        8192           256    uint64    none      -1     9.68    0.85    0.63      0     9.49    0.86    0.65      0
       16384           512    uint64    none      -1    10.53    1.56    1.17      0    10.22    1.60    1.20      0
       32768          1024    uint64    none      -1    10.83    3.02    2.27      0    10.52    3.12    2.34      0
       65536          2048    uint64    none      -1    10.94    5.99    4.49      0    10.71    6.12    4.59      0
      131072          4096    uint64    none      -1    11.10   11.80    8.85      0    10.84   12.09    9.06      0
      262144          8192    uint64    none      -1    11.18   23.44   17.58      0    11.06   23.70   17.78      0
      524288         16384    uint64    none      -1    13.68   38.32   28.74      0    13.24   39.61   29.71      0
     1048576         32768    uint64    none      -1    16.11   65.11   48.83      0    15.53   67.52   50.64      0
     2097152         65536    uint64    none      -1    21.93   95.63   71.72      0    20.91  100.30   75.22      0
     4194304        131072    uint64    none      -1    38.76  108.22   81.17      0    37.86  110.79   83.09      0
     8388608        262144    uint64    none      -1    46.20  181.57  136.18      0    45.49  184.40  138.30      0
    16777216        524288    uint64    none      -1    63.48  264.29  198.22      0    62.00  270.61  202.96      0
    33554432       1048576    uint64    none      -1    104.0  322.64  241.98      0    103.0  325.89  244.42      0
    67108864       2097152    uint64    none      -1    187.1  358.66  269.00      0    184.5  363.77  272.83      0
   134217728       4194304    uint64    none      -1    346.9  386.87  290.15      0    342.8  391.53  293.65      0
           0             0      half    none      -1     0.12    0.00    0.00      0     0.12    0.00    0.00      0
           0             0      half    none      -1     0.11    0.00    0.00      0     0.12    0.00    0.00      0
          32             4      half    none      -1     9.13    0.00    0.00      0     9.03    0.00    0.00      0
          64             8      half    none      -1     9.13    0.01    0.01      0     9.03    0.01    0.01      0
         128            16      half    none      -1     9.16    0.01    0.01      0     9.06    0.01    0.01      0
         256            32      half    none      -1     9.20    0.03    0.02      0     9.11    0.03    0.02      0
         512            64      half    none      -1     9.33    0.05    0.04      0     9.14    0.06    0.04      0
        1024           128      half    none      -1     9.49    0.11    0.08      0     9.17    0.11    0.08      0
        2048           256      half    none      -1     9.42    0.22    0.16      0     9.20    0.22    0.17      0
        4096           512      half    none      -1     9.59    0.43    0.32      0     9.33    0.44    0.33      0
        8192          1024      half    none      -1     9.67    0.85    0.64      0     9.49    0.86    0.65      0
       16384          2048      half    none      -1    10.53    1.56    1.17      0    10.22    1.60    1.20      0
       32768          4096      half    none      -1    10.80    3.03    2.28      0    10.46    3.13    2.35      0
       65536          8192      half    none      -1    10.96    5.98    4.49      0    10.75    6.10    4.57      0
      131072         16384      half    none      -1    11.10   11.81    8.86      0    10.86   12.07    9.05      0
      262144         32768      half    none      -1    11.23   23.35   17.51      0    11.01   23.82   17.86      0
      524288         65536      half    none      -1    13.67   38.36   28.77      0    13.21   39.70   29.78      0
     1048576        131072      half    none      -1    16.10   65.13   48.85      0    15.55   67.44   50.58      0
     2097152        262144      half    none      -1    21.94   95.58   71.68      0    20.94  100.17   75.13      0
     4194304        524288      half    none      -1    38.75  108.23   81.18      0    37.95  110.53   82.90      0
     8388608       1048576      half    none      -1    46.30  181.19  135.90      0    45.51  184.33  138.24      0
    16777216       2097152      half    none      -1    63.10  265.88  199.41      0    62.10  270.15  202.61      0
    33554432       4194304      half    none      -1    104.1  322.35  241.76      0    102.7  326.57  244.93      0
    67108864       8388608      half    none      -1    187.2  358.43  268.82      0    184.6  363.55  272.66      0
   134217728      16777216      half    none      -1    344.0  390.21  292.65      0    343.0  391.32  293.49      0
           0             0     float    none      -1     0.12    0.00    0.00      0     0.12    0.00    0.00      0
           0             0     float    none      -1     0.12    0.00    0.00      0     0.12    0.00    0.00      0
           0             0     float    none      -1     0.11    0.00    0.00      0     0.12    0.00    0.00      0
          64             4     float    none      -1     9.24    0.01    0.01      0     9.04    0.01    0.01      0
         128             8     float    none      -1     9.18    0.01    0.01      0     9.06    0.01    0.01      0
         256            16     float    none      -1     9.21    0.03    0.02      0     9.10    0.03    0.02      0
         512            32     float    none      -1     9.32    0.05    0.04      0     9.15    0.06    0.04      0
        1024            64     float    none      -1     9.54    0.11    0.08      0     9.18    0.11    0.08      0
        2048           128     float    none      -1     9.42    0.22    0.16      0     9.22    0.22    0.17      0
        4096           256     float    none      -1     9.58    0.43    0.32      0     9.32    0.44    0.33      0
        8192           512     float    none      -1     9.67    0.85    0.64      0     9.48    0.86    0.65      0
       16384          1024     float    none      -1    10.54    1.55    1.17      0    10.22    1.60    1.20      0
       32768          2048     float    none      -1    10.82    3.03    2.27      0    10.47    3.13    2.35      0
       65536          4096     float    none      -1    10.93    5.99    4.50      0    10.72    6.11    4.59      0
      131072          8192     float    none      -1    11.11   11.80    8.85      0    10.87   12.05    9.04      0
      262144         16384     float    none      -1    11.21   23.39   17.54      0    11.02   23.78   17.83      0
      524288         32768     float    none      -1    13.70   38.27   28.70      0    13.28   39.47   29.60      0
     1048576         65536     float    none      -1    16.08   65.20   48.90      0    15.49   67.69   50.77      0
     2097152        131072     float    none      -1    22.03   95.22   71.41      0    21.01   99.82   74.86      0
     4194304        262144     float    none      -1    38.69  108.40   81.30      0    37.88  110.73   83.05      0
     8388608        524288     float    none      -1    46.18  181.63  136.22      0    45.40  184.78  138.58      0
    16777216       1048576     float    none      -1    63.41  264.56  198.42      0    62.36  269.05  201.79      0
    33554432       2097152     float    none      -1    103.9  322.95  242.21      0    102.3  327.99  245.99      0
    67108864       4194304     float    none      -1    186.7  359.41  269.56      0    184.9  362.96  272.22      0
   134217728       8388608     float    none      -1    343.8  390.37  292.78      0    344.0  390.16  292.62      0
           0             0    double    none      -1     0.12    0.00    0.00      0     0.12    0.00    0.00      0
           0             0    double    none      -1     0.12    0.00    0.00      0     0.12    0.00    0.00      0
           0             0    double    none      -1     0.12    0.00    0.00      0     0.12    0.00    0.00      0
           0             0    double    none      -1     0.12    0.00    0.00      0     0.12    0.00    0.00      0
         128             4    double    none      -1     9.26    0.01    0.01      0     9.06    0.01    0.01      0
         256             8    double    none      -1     9.21    0.03    0.02      0     9.11    0.03    0.02      0
         512            16    double    none      -1     9.34    0.05    0.04      0     9.14    0.06    0.04      0
        1024            32    double    none      -1     9.59    0.11    0.08      0     9.17    0.11    0.08      0
        2048            64    double    none      -1     9.55    0.21    0.16      0     9.23    0.22    0.17      0
        4096           128    double    none      -1     9.53    0.43    0.32      0     9.32    0.44    0.33      0
        8192           256    double    none      -1     9.70    0.84    0.63      0     9.49    0.86    0.65      0
       16384           512    double    none      -1    10.53    1.56    1.17      0    10.23    1.60    1.20      0
       32768          1024    double    none      -1    10.81    3.03    2.27      0    10.50    3.12    2.34      0
       65536          2048    double    none      -1    10.93    6.00    4.50      0    10.74    6.10    4.58      0
      131072          4096    double    none      -1    11.07   11.84    8.88      0    10.84   12.10    9.07      0
      262144          8192    double    none      -1    11.21   23.38   17.54      0    11.02   23.80   17.85      0
      524288         16384    double    none      -1    13.67   38.36   28.77      0    13.24   39.61   29.70      0
     1048576         32768    double    none      -1    16.14   64.97   48.73      0    15.49   67.69   50.77      0
     2097152         65536    double    none      -1    21.98   95.42   71.57      0    21.02   99.76   74.82      0
     4194304        131072    double    none      -1    38.71  108.36   81.27      0    37.93  110.58   82.93      0
     8388608        262144    double    none      -1    46.35  180.98  135.73      0    45.57  184.07  138.05      0
    16777216        524288    double    none      -1    63.35  264.85  198.64      0    62.19  269.77  202.33      0
    33554432       1048576    double    none      -1    104.1  322.36  241.77      0    103.5  324.30  243.23      0
    67108864       2097152    double    none      -1    185.8  361.12  270.84      0    184.7  363.43  272.57      0
   134217728       4194304    double    none      -1    344.2  389.92  292.44      0    341.9  392.57  294.43      0
           0             0  bfloat16    none      -1     0.12    0.00    0.00      0     0.11    0.00    0.00      0
           0             0  bfloat16    none      -1     0.12    0.00    0.00      0     0.12    0.00    0.00      0
          32             4  bfloat16    none      -1     9.14    0.00    0.00      0     9.03    0.00    0.00      0
          64             8  bfloat16    none      -1     9.14    0.01    0.01      0     9.03    0.01    0.01      0
         128            16  bfloat16    none      -1     9.16    0.01    0.01      0     9.06    0.01    0.01      0
         256            32  bfloat16    none      -1     9.21    0.03    0.02      0     9.09    0.03    0.02      0
         512            64  bfloat16    none      -1     9.33    0.05    0.04      0     9.15    0.06    0.04      0
        1024           128  bfloat16    none      -1     9.54    0.11    0.08      0     9.17    0.11    0.08      0
        2048           256  bfloat16    none      -1     9.44    0.22    0.16      0     9.22    0.22    0.17      0
        4096           512  bfloat16    none      -1     9.58    0.43    0.32      0     9.32    0.44    0.33      0
        8192          1024  bfloat16    none      -1     9.68    0.85    0.63      0     9.50    0.86    0.65      0
       16384          2048  bfloat16    none      -1    10.54    1.55    1.17      0    10.22    1.60    1.20      0
       32768          4096  bfloat16    none      -1    10.79    3.04    2.28      0    10.50    3.12    2.34      0
       65536          8192  bfloat16    none      -1    10.94    5.99    4.49      0    10.72    6.12    4.59      0
      131072         16384  bfloat16    none      -1    11.06   11.85    8.89      0    10.84   12.09    9.07      0
      262144         32768  bfloat16    none      -1    11.18   23.45   17.59      0    11.00   23.82   17.87      0
      524288         65536  bfloat16    none      -1    13.69   38.31   28.73      0    13.30   39.43   29.57      0
     1048576        131072  bfloat16    none      -1    16.14   64.97   48.73      0    15.49   67.68   50.76      0
     2097152        262144  bfloat16    none      -1    22.03   95.21   71.41      0    21.00   99.85   74.89      0
     4194304        524288  bfloat16    none      -1    38.76  108.21   81.16      0    37.79  110.99   83.24      0
     8388608       1048576  bfloat16    none      -1    46.24  181.41  136.05      0    45.42  184.68  138.51      0
    16777216       2097152  bfloat16    none      -1    63.58  263.86  197.90      0    61.86  271.23  203.42      0
    33554432       4194304  bfloat16    none      -1    104.0  322.60  241.95      0    102.5  327.28  245.46      0
    67108864       8388608  bfloat16    none      -1    185.9  360.92  270.69      0    185.7  361.30  270.98      0
   134217728      16777216  bfloat16    none      -1    346.1  387.78  290.83      0    343.4  390.84  293.13      0
# Out of bounds values : 0 OK
# Avg bus bandwidth    : 56.5779 
#

