# nThread 1 nGpus 1 minBytes 8 maxBytes 134217728 step: 2(factor) warmup iters: 100 iters: 1000 agg iters: 1 validation: 1 graph: 0
#
# Using devices
#  Rank  0 Group  0 Pid  32688 on   bjys1148 device  0 [0x2a] NVIDIA H20
#  Rank  1 Group  0 Pid  32689 on   bjys1148 device  1 [0x3a] NVIDIA H20
#  Rank  2 Group  0 Pid  32690 on   bjys1148 device  2 [0x4c] NVIDIA H20
#  Rank  3 Group  0 Pid  32691 on   bjys1148 device  3 [0x5c] NVIDIA H20
#  Rank  4 Group  0 Pid  32692 on   bjys1148 device  4 [0xaa] NVIDIA H20
#  Rank  5 Group  0 Pid  32696 on   bjys1148 device  5 [0xba] NVIDIA H20
#  Rank  6 Group  0 Pid  32698 on   bjys1148 device  6 [0xca] NVIDIA H20
#  Rank  7 Group  0 Pid  32701 on   bjys1148 device  7 [0xda] NVIDIA H20
#
#                                                              out-of-place                       in-place          
#       size         count      type   redop    root     time   algbw   busbw #wrong     time   algbw   busbw #wrong
#        (B)    (elements)                               (us)  (GB/s)  (GB/s)            (us)  (GB/s)  (GB/s)       
           8             8      int8     sum       0     8.16    0.00    0.00      0     7.09    0.00    0.00      0
          16            16      int8     sum       0     7.23    0.00    0.00      0     7.22    0.00    0.00      0
          32            32      int8     sum       0     7.25    0.00    0.00      0     7.26    0.00    0.00      0
          64            64      int8     sum       0     7.30    0.01    0.01      0     7.31    0.01    0.01      0
         128           128      int8     sum       0     7.31    0.02    0.02      0     7.32    0.02    0.02      0
         256           256      int8     sum       0     7.68    0.03    0.03      0     7.30    0.04    0.04      0
         512           512      int8     sum       0     7.43    0.07    0.07      0     7.30    0.07    0.07      0
        1024          1024      int8     sum       0     8.11    0.13    0.13      0     7.83    0.13    0.13      0
        2048          2048      int8     sum       0     8.38    0.24    0.24      0     8.34    0.25    0.25      0
        4096          4096      int8     sum       0     9.94    0.41    0.41      0     9.95    0.41    0.41      0
        8192          8192      int8     sum       0    11.05    0.74    0.74      0    11.11    0.74    0.74      0
       16384         16384      int8     sum       0    11.20    1.46    1.46      0    11.34    1.44    1.44      0
       32768         32768      int8     sum       0    12.11    2.71    2.71      0    12.32    2.66    2.66      0
       65536         65536      int8     sum       0    12.74    5.14    5.14      0    12.87    5.09    5.09      0
      131072        131072      int8     sum       0    13.06   10.04   10.04      0    13.04   10.05   10.05      0
      262144        262144      int8     sum       0    13.20   19.87   19.87      0    13.23   19.81   19.81      0
      524288        524288      int8     sum       0    13.33   39.33   39.33      0    13.32   39.37   39.37      0
     1048576       1048576      int8     sum       0    16.29   64.36   64.36      0    16.29   64.37   64.37      0
     2097152       2097152      int8     sum       0    21.86   95.94   95.94      0    21.77   96.34   96.34      0
     4194304       4194304      int8     sum       0    28.38  147.79  147.79      0    28.57  146.81  146.81      0
     8388608       8388608      int8     sum       0    41.95  199.98  199.98      0    41.71  201.13  201.13      0
    16777216      16777216      int8     sum       0    67.88  247.18  247.18      0    67.86  247.23  247.23      0
    33554432      33554432      int8     sum       0    115.9  289.47  289.47      0    116.2  288.82  288.82      0
    67108864      67108864      int8     sum       0    209.8  319.81  319.81      0    209.4  320.54  320.54      0
   134217728     134217728      int8     sum       0    395.7  339.22  339.22      0    396.4  338.55  338.55      0
           8             8     uint8     sum       0     7.22    0.00    0.00      0     7.23    0.00    0.00      0
          16            16     uint8     sum       0     7.45    0.00    0.00      0     7.23    0.00    0.00      0
          32            32     uint8     sum       0     7.25    0.00    0.00      0     7.25    0.00    0.00      0
          64            64     uint8     sum       0     7.30    0.01    0.01      0     7.29    0.01    0.01      0
         128           128     uint8     sum       0     7.32    0.02    0.02      0     7.31    0.02    0.02      0
         256           256     uint8     sum       0     7.67    0.03    0.03      0     7.27    0.04    0.04      0
         512           512     uint8     sum       0     7.42    0.07    0.07      0     7.30    0.07    0.07      0
        1024          1024     uint8     sum       0     7.94    0.13    0.13      0     7.83    0.13    0.13      0
        2048          2048     uint8     sum       0     8.37    0.24    0.24      0     8.36    0.24    0.24      0
        4096          4096     uint8     sum       0     9.95    0.41    0.41      0     9.94    0.41    0.41      0
        8192          8192     uint8     sum       0    11.12    0.74    0.74      0    11.11    0.74    0.74      0
       16384         16384     uint8     sum       0    11.34    1.45    1.45      0    11.28    1.45    1.45      0
       32768         32768     uint8     sum       0    12.11    2.71    2.71      0    12.31    2.66    2.66      0
       65536         65536     uint8     sum       0    12.74    5.14    5.14      0    12.94    5.06    5.06      0
      131072        131072     uint8     sum       0    13.04   10.05   10.05      0    12.99   10.09   10.09      0
      262144        262144     uint8     sum       0    13.12   19.97   19.97      0    13.15   19.94   19.94      0
      524288        524288     uint8     sum       0    13.48   38.90   38.90      0    13.28   39.47   39.47      0
     1048576       1048576     uint8     sum       0    16.25   64.54   64.54      0    16.31   64.29   64.29      0
     2097152       2097152     uint8     sum       0    21.78   96.27   96.27      0    21.73   96.53   96.53      0
     4194304       4194304     uint8     sum       0    28.29  148.24  148.24      0    28.36  147.91  147.91      0
     8388608       8388608     uint8     sum       0    41.58  201.73  201.73      0    41.60  201.67  201.67      0
    16777216      16777216     uint8     sum       0    67.47  248.67  248.67      0    67.62  248.10  248.10      0
    33554432      33554432     uint8     sum       0    115.8  289.73  289.73      0    115.8  289.80  289.80      0
    67108864      67108864     uint8     sum       0    209.1  320.88  320.88      0    209.8  319.82  319.82      0
   134217728     134217728     uint8     sum       0    395.6  339.29  339.29      0    396.2  338.77  338.77      0
           8             2     int32     sum       0     7.25    0.00    0.00      0     7.25    0.00    0.00      0
          16             4     int32     sum       0     7.25    0.00    0.00      0     7.26    0.00    0.00      0
          32             8     int32     sum       0     7.27    0.00    0.00      0     7.27    0.00    0.00      0
          64            16     int32     sum       0     7.34    0.01    0.01      0     7.34    0.01    0.01      0
         128            32     int32     sum       0     7.34    0.02    0.02      0     7.34    0.02    0.02      0
         256            64     int32     sum       0     7.67    0.03    0.03      0     7.29    0.04    0.04      0
         512           128     int32     sum       0     7.42    0.07    0.07      0     7.30    0.07    0.07      0
        1024           256     int32     sum       0     7.99    0.13    0.13      0     7.83    0.13    0.13      0
        2048           512     int32     sum       0     8.36    0.25    0.25      0     8.35    0.25    0.25      0
        4096          1024     int32     sum       0     9.93    0.41    0.41      0     9.92    0.41    0.41      0
        8192          2048     int32     sum       0    11.04    0.74    0.74      0    11.05    0.74    0.74      0
       16384          4096     int32     sum       0    11.32    1.45    1.45      0    11.33    1.45    1.45      0
       32768          8192     int32     sum       0    11.99    2.73    2.73      0    12.26    2.67    2.67      0
       65536         16384     int32     sum       0    12.69    5.16    5.16      0    12.82    5.11    5.11      0
      131072         32768     int32     sum       0    12.95   10.12   10.12      0    12.94   10.13   10.13      0
      262144         65536     int32     sum       0    13.09   20.03   20.03      0    13.11   19.99   19.99      0
      524288        131072     int32     sum       0    13.17   39.81   39.81      0    13.22   39.65   39.65      0
     1048576        262144     int32     sum       0    16.04   65.35   65.35      0    15.99   65.56   65.56      0
     2097152        524288     int32     sum       0    20.21  103.74  103.74      0    20.14  104.11  104.11      0
     4194304       1048576     int32     sum       0    26.63  157.51  157.51      0    26.58  157.81  157.81      0
     8388608       2097152     int32     sum       0    38.99  215.13  215.13      0    39.06  214.77  214.77      0
    16777216       4194304     int32     sum       0    63.82  262.87  262.87      0    63.74  263.22  263.22      0
    33554432       8388608     int32     sum       0    110.7  303.16  303.16      0    110.7  303.18  303.18      0
    67108864      16777216     int32     sum       0    202.8  330.89  330.89      0    202.2  331.86  331.86      0
   134217728      33554432     int32     sum       0    384.4  349.20  349.20      0    384.5  349.11  349.11      0
           8             2    uint32     sum       0     7.24    0.00    0.00      0     7.24    0.00    0.00      0
          16             4    uint32     sum       0     7.23    0.00    0.00      0     7.23    0.00    0.00      0
          32             8    uint32     sum       0     7.27    0.00    0.00      0     7.28    0.00    0.00      0
          64            16    uint32     sum       0     7.33    0.01    0.01      0     7.33    0.01    0.01      0
         128            32    uint32     sum       0     7.34    0.02    0.02      0     7.34    0.02    0.02      0
         256            64    uint32     sum       0     7.67    0.03    0.03      0     7.29    0.04    0.04      0
         512           128    uint32     sum       0     7.38    0.07    0.07      0     7.30    0.07    0.07      0
        1024           256    uint32     sum       0     7.99    0.13    0.13      0     7.83    0.13    0.13      0
        2048           512    uint32     sum       0     8.37    0.24    0.24      0     8.36    0.24    0.24      0
        4096          1024    uint32     sum       0     9.93    0.41    0.41      0     9.91    0.41    0.41      0
        8192          2048    uint32     sum       0    11.04    0.74    0.74      0    11.02    0.74    0.74      0
       16384          4096    uint32     sum       0    11.34    1.45    1.45      0    11.34    1.45    1.45      0
       32768          8192    uint32     sum       0    12.00    2.73    2.73      0    12.26    2.67    2.67      0
       65536         16384    uint32     sum       0    12.67    5.17    5.17      0    12.76    5.14    5.14      0
      131072         32768    uint32     sum       0    12.93   10.13   10.13      0    12.92   10.14   10.14      0
      262144         65536    uint32     sum       0    13.05   20.09   20.09      0    13.08   20.05   20.05      0
      524288        131072    uint32     sum       0    13.17   39.81   39.81      0    13.16   39.84   39.84      0
     1048576        262144    uint32     sum       0    16.04   65.35   65.35      0    16.00   65.55   65.55      0
     2097152        524288    uint32     sum       0    20.15  104.06  104.06      0    20.12  104.26  104.26      0
     4194304       1048576    uint32     sum       0    26.57  157.88  157.88      0    26.45  158.59  158.59      0
     8388608       2097152    uint32     sum       0    38.91  215.56  215.56      0    38.89  215.72  215.72      0
    16777216       4194304    uint32     sum       0    63.54  264.03  264.03      0    63.50  264.21  264.21      0
    33554432       8388608    uint32     sum       0    110.8  302.85  302.85      0    110.7  303.23  303.23      0
    67108864      16777216    uint32     sum       0    202.2  331.94  331.94      0    202.3  331.76  331.76      0
   134217728      33554432    uint32     sum       0    384.6  348.95  348.95      0    384.6  349.01  349.01      0
           8             1     int64     sum       0     7.16    0.00    0.00      0     7.25    0.00    0.00      0
          16             2     int64     sum       0     7.26    0.00    0.00      0     7.25    0.00    0.00      0
          32             4     int64     sum       0     7.28    0.00    0.00      0     7.29    0.00    0.00      0
          64             8     int64     sum       0     7.34    0.01    0.01      0     7.34    0.01    0.01      0
         128            16     int64     sum       0     7.33    0.02    0.02      0     7.34    0.02    0.02      0
         256            32     int64     sum       0     7.67    0.03    0.03      0     7.29    0.04    0.04      0
         512            64     int64     sum       0     7.42    0.07    0.07      0     7.30    0.07    0.07      0
        1024           128     int64     sum       0     7.93    0.13    0.13      0     7.82    0.13    0.13      0
        2048           256     int64     sum       0     8.35    0.25    0.25      0     8.35    0.25    0.25      0
        4096           512     int64     sum       0     9.91    0.41    0.41      0     9.90    0.41    0.41      0
        8192          1024     int64     sum       0    10.94    0.75    0.75      0    11.02    0.74    0.74      0
       16384          2048     int64     sum       0    11.23    1.46    1.46      0    11.30    1.45    1.45      0
       32768          4096     int64     sum       0    11.95    2.74    2.74      0    12.22    2.68    2.68      0
       65536          8192     int64     sum       0    12.64    5.18    5.18      0    12.77    5.13    5.13      0
      131072         16384     int64     sum       0    12.92   10.14   10.14      0    12.91   10.15   10.15      0
      262144         32768     int64     sum       0    13.09   20.03   20.03      0    13.06   20.07   20.07      0
      524288         65536     int64     sum       0    13.19   39.74   39.74      0    13.19   39.76   39.76      0
     1048576        131072     int64     sum       0    15.99   65.59   65.59      0    15.98   65.62   65.62      0
     2097152        262144     int64     sum       0    20.34  103.12  103.12      0    20.26  103.50  103.50      0
     4194304        524288     int64     sum       0    26.87  156.11  156.11      0    26.98  155.48  155.48      0
     8388608       1048576     int64     sum       0    39.11  214.48  214.48      0    39.36  213.13  213.13      0
    16777216       2097152     int64     sum       0    64.15  261.52  261.52      0    64.10  261.72  261.72      0
    33554432       4194304     int64     sum       0    111.3  301.45  301.45      0    111.2  301.87  301.87      0
    67108864       8388608     int64     sum       0    202.9  330.82  330.82      0    203.6  329.60  329.60      0
   134217728      16777216     int64     sum       0    385.7  348.03  348.03      0    385.1  348.55  348.55      0
           8             1    uint64     sum       0     7.25    0.00    0.00      0     7.26    0.00    0.00      0
          16             2    uint64     sum       0     7.26    0.00    0.00      0     7.26    0.00    0.00      0
          32             4    uint64     sum       0     7.28    0.00    0.00      0     7.28    0.00    0.00      0
          64             8    uint64     sum       0     7.33    0.01    0.01      0     7.34    0.01    0.01      0
         128            16    uint64     sum       0     7.35    0.02    0.02      0     7.34    0.02    0.02      0
         256            32    uint64     sum       0     7.67    0.03    0.03      0     7.30    0.04    0.04      0
         512            64    uint64     sum       0     7.42    0.07    0.07      0     7.31    0.07    0.07      0
        1024           128    uint64     sum       0     8.00    0.13    0.13      0     7.83    0.13    0.13      0
        2048           256    uint64     sum       0     8.36    0.25    0.25      0     8.36    0.25    0.25      0
        4096           512    uint64     sum       0     9.92    0.41    0.41      0     9.91    0.41    0.41      0
        8192          1024    uint64     sum       0    10.91    0.75    0.75      0    11.02    0.74    0.74      0
       16384          2048    uint64     sum       0    11.16    1.47    1.47      0    11.30    1.45    1.45      0
       32768          4096    uint64     sum       0    11.93    2.75    2.75      0    12.23    2.68    2.68      0
       65536          8192    uint64     sum       0    12.67    5.17    5.17      0    12.78    5.13    5.13      0
      131072         16384    uint64     sum       0    12.90   10.16   10.16      0    12.89   10.17   10.17      0
      262144         32768    uint64     sum       0    13.01   20.15   20.15      0    13.03   20.12   20.12      0
      524288         65536    uint64     sum       0    13.12   39.95   39.95      0    13.14   39.90   39.90      0
     1048576        131072    uint64     sum       0    15.94   65.78   65.78      0    15.96   65.71   65.71      0
     2097152        262144    uint64     sum       0    20.21  103.77  103.77      0    20.19  103.87  103.87      0
     4194304        524288    uint64     sum       0    26.78  156.63  156.63      0    26.67  157.26  157.26      0
     8388608       1048576    uint64     sum       0    39.13  214.40  214.40      0    39.01  215.04  215.04      0
    16777216       2097152    uint64     sum       0    63.97  262.27  262.27      0    64.19  261.37  261.37      0
    33554432       4194304    uint64     sum       0    111.3  301.47  301.47      0    111.2  301.81  301.81      0
    67108864       8388608    uint64     sum       0    203.5  329.70  329.70      0    203.0  330.56  330.56      0
   134217728      16777216    uint64     sum       0    385.0  348.63  348.63      0    385.1  348.51  348.51      0
           8             4      half     sum       0     7.21    0.00    0.00      0     7.22    0.00    0.00      0
          16             8      half     sum       0     7.22    0.00    0.00      0     7.22    0.00    0.00      0
          32            16      half     sum       0     7.24    0.00    0.00      0     7.24    0.00    0.00      0
          64            32      half     sum       0     7.30    0.01    0.01      0     7.31    0.01    0.01      0
         128            64      half     sum       0     7.31    0.02    0.02      0     7.31    0.02    0.02      0
         256           128      half     sum       0     7.67    0.03    0.03      0     7.29    0.04    0.04      0
         512           256      half     sum       0     7.42    0.07    0.07      0     7.28    0.07    0.07      0
        1024           512      half     sum       0     7.99    0.13    0.13      0     7.82    0.13    0.13      0
        2048          1024      half     sum       0     8.35    0.25    0.25      0     8.35    0.25    0.25      0
        4096          2048      half     sum       0     9.91    0.41    0.41      0     9.91    0.41    0.41      0
        8192          4096      half     sum       0    10.97    0.75    0.75      0    11.06    0.74    0.74      0
       16384          8192      half     sum       0    11.16    1.47    1.47      0    11.27    1.45    1.45      0
       32768         16384      half     sum       0    12.00    2.73    2.73      0    12.27    2.67    2.67      0
       65536         32768      half     sum       0    12.72    5.15    5.15      0    12.82    5.11    5.11      0
      131072         65536      half     sum       0    12.96   10.12   10.12      0    12.95   10.12   10.12      0
      262144        131072      half     sum       0    13.11   20.00   20.00      0    13.09   20.02   20.02      0
      524288        262144      half     sum       0    13.22   39.66   39.66      0    13.25   39.58   39.58      0
     1048576        524288      half     sum       0    16.03   65.40   65.40      0    16.04   65.36   65.36      0
     2097152       1048576      half     sum       0    20.25  103.56  103.56      0    20.18  103.93  103.93      0
     4194304       2097152      half     sum       0    26.71  157.00  157.00      0    26.79  156.53  156.53      0
     8388608       4194304      half     sum       0    39.44  212.69  212.69      0    39.08  214.63  214.63      0
    16777216       8388608      half     sum       0    64.11  261.69  261.69      0    63.85  262.76  262.76      0
    33554432      16777216      half     sum       0    111.3  301.54  301.54      0    111.1  301.90  301.90      0
    67108864      33554432      half     sum       0    203.5  329.80  329.80      0    203.5  329.74  329.74      0
   134217728      67108864      half     sum       0    387.1  346.68  346.68      0    386.6  347.18  347.18      0
           8             2     float     sum       0     7.25    0.00    0.00      0     7.25    0.00    0.00      0
          16             4     float     sum       0     7.25    0.00    0.00      0     7.25    0.00    0.00      0
          32             8     float     sum       0     7.28    0.00    0.00      0     7.27    0.00    0.00      0
          64            16     float     sum       0     7.33    0.01    0.01      0     7.34    0.01    0.01      0
         128            32     float     sum       0     7.34    0.02    0.02      0     7.35    0.02    0.02      0
         256            64     float     sum       0     7.67    0.03    0.03      0     7.29    0.04    0.04      0
         512           128     float     sum       0     7.43    0.07    0.07      0     7.29    0.07    0.07      0
        1024           256     float     sum       0     7.96    0.13    0.13      0     7.83    0.13    0.13      0
        2048           512     float     sum       0     8.36    0.25    0.25      0     8.36    0.25    0.25      0
        4096          1024     float     sum       0     9.93    0.41    0.41      0     9.92    0.41    0.41      0
        8192          2048     float     sum       0    11.05    0.74    0.74      0    11.04    0.74    0.74      0
       16384          4096     float     sum       0    11.32    1.45    1.45      0    11.33    1.45    1.45      0
       32768          8192     float     sum       0    11.98    2.73    2.73      0    12.25    2.67    2.67      0
       65536         16384     float     sum       0    12.68    5.17    5.17      0    12.81    5.11    5.11      0
      131072         32768     float     sum       0    12.91   10.15   10.15      0    12.92   10.14   10.14      0
      262144         65536     float     sum       0    13.05   20.09   20.09      0    13.08   20.04   20.04      0
      524288        131072     float     sum       0    13.15   39.87   39.87      0    13.15   39.86   39.86      0
     1048576        262144     float     sum       0    16.02   65.44   65.44      0    15.99   65.58   65.58      0
     2097152        524288     float     sum       0    20.15  104.10  104.10      0    20.11  104.26  104.26      0
     4194304       1048576     float     sum       0    26.49  158.31  158.31      0    26.53  158.12  158.12      0
     8388608       2097152     float     sum       0    38.87  215.81  215.81      0    38.86  215.89  215.89      0
    16777216       4194304     float     sum       0    63.43  264.49  264.49      0    63.40  264.61  264.61      0
    33554432       8388608     float     sum       0    110.5  303.67  303.67      0    110.6  303.43  303.43      0
    67108864      16777216     float     sum       0    201.9  332.47  332.47      0    202.6  331.23  331.23      0
   134217728      33554432     float     sum       0    384.2  349.35  349.35      0    383.9  349.60  349.60      0
           8             1    double     sum       0     7.26    0.00    0.00      0     7.26    0.00    0.00      0
          16             2    double     sum       0     7.26    0.00    0.00      0     7.26    0.00    0.00      0
          32             4    double     sum       0     7.29    0.00    0.00      0     7.29    0.00    0.00      0
          64             8    double     sum       0     7.35    0.01    0.01      0     7.34    0.01    0.01      0
         128            16    double     sum       0     7.34    0.02    0.02      0     7.34    0.02    0.02      0
         256            32    double     sum       0     7.68    0.03    0.03      0     7.29    0.04    0.04      0
         512            64    double     sum       0     7.42    0.07    0.07      0     7.30    0.07    0.07      0
        1024           128    double     sum       0     8.00    0.13    0.13      0     7.83    0.13    0.13      0
        2048           256    double     sum       0     8.36    0.24    0.24      0     8.36    0.24    0.24      0
        4096           512    double     sum       0     9.93    0.41    0.41      0     9.93    0.41    0.41      0
        8192          1024    double     sum       0    10.95    0.75    0.75      0    11.05    0.74    0.74      0
       16384          2048    double     sum       0    11.19    1.46    1.46      0    11.30    1.45    1.45      0
       32768          4096    double     sum       0    11.90    2.75    2.75      0    12.18    2.69    2.69      0
       65536          8192    double     sum       0    12.60    5.20    5.20      0    12.72    5.15    5.15      0
      131072         16384    double     sum       0    12.91   10.15   10.15      0    12.87   10.19   10.19      0
      262144         32768    double     sum       0    13.03   20.11   20.11      0    13.02   20.13   20.13      0
      524288         65536    double     sum       0    13.15   39.87   39.87      0    13.18   39.77   39.77      0
     1048576        131072    double     sum       0    15.95   65.74   65.74      0    15.94   65.77   65.77      0
     2097152        262144    double     sum       0    20.87  100.48  100.48      0    20.81  100.78  100.78      0
     4194304        524288    double     sum       0    27.09  154.82  154.82      0    27.21  154.13  154.13      0
     8388608       1048576    double     sum       0    39.97  209.85  209.85      0    40.11  209.15  209.15      0
    16777216       2097152    double     sum       0    65.08  257.80  257.80      0    65.12  257.64  257.64      0
    33554432       4194304    double     sum       0    112.5  298.16  298.16      0    112.7  297.60  297.60      0
    67108864       8388608    double     sum       0    205.9  325.94  325.94      0    205.6  326.35  326.35      0
   134217728      16777216    double     sum       0    390.1  344.06  344.06      0    390.6  343.60  343.60      0
           8             4  bfloat16     sum       0     7.21    0.00    0.00      0     7.22    0.00    0.00      0
          16             8  bfloat16     sum       0     7.22    0.00    0.00      0     7.23    0.00    0.00      0
          32            16  bfloat16     sum       0     7.24    0.00    0.00      0     7.24    0.00    0.00      0
          64            32  bfloat16     sum       0     7.29    0.01    0.01      0     7.31    0.01    0.01      0
         128            64  bfloat16     sum       0     7.31    0.02    0.02      0     7.31    0.02    0.02      0
         256           128  bfloat16     sum       0     7.67    0.03    0.03      0     7.30    0.04    0.04      0
         512           256  bfloat16     sum       0     7.41    0.07    0.07      0     7.30    0.07    0.07      0
        1024           512  bfloat16     sum       0     8.00    0.13    0.13      0     7.82    0.13    0.13      0
        2048          1024  bfloat16     sum       0     8.35    0.25    0.25      0     8.34    0.25    0.25      0
        4096          2048  bfloat16     sum       0     9.91    0.41    0.41      0     9.91    0.41    0.41      0
        8192          4096  bfloat16     sum       0    10.88    0.75    0.75      0    11.05    0.74    0.74      0
       16384          8192  bfloat16     sum       0    11.12    1.47    1.47      0    11.28    1.45    1.45      0
       32768         16384  bfloat16     sum       0    11.99    2.73    2.73      0    12.26    2.67    2.67      0
       65536         32768  bfloat16     sum       0    12.67    5.17    5.17      0    12.84    5.11    5.11      0
      131072         65536  bfloat16     sum       0    12.92   10.15   10.15      0    12.93   10.14   10.14      0
      262144        131072  bfloat16     sum       0    13.05   20.09   20.09      0    13.06   20.07   20.07      0
      524288        262144  bfloat16     sum       0    13.18   39.79   39.79      0    13.16   39.85   39.85      0
     1048576        524288  bfloat16     sum       0    16.03   65.41   65.41      0    16.00   65.53   65.53      0
     2097152       1048576  bfloat16     sum       0    20.15  104.10  104.10      0    20.09  104.36  104.36      0
     4194304       2097152  bfloat16     sum       0    26.54  158.04  158.04      0    26.56  157.91  157.91      0
     8388608       4194304  bfloat16     sum       0    39.05  214.80  214.80      0    39.11  214.47  214.47      0
    16777216       8388608  bfloat16     sum       0    63.67  263.49  263.49      0    63.70  263.37  263.37      0
    33554432      16777216  bfloat16     sum       0    111.1  302.15  302.15      0    111.1  302.14  302.14      0
    67108864      33554432  bfloat16     sum       0    203.5  329.79  329.79      0    203.0  330.58  330.58      0
   134217728      67108864  bfloat16     sum       0    386.9  346.94  346.94      0    386.4  347.32  347.32      0
# Out of bounds values : 0 OK
# Avg bus bandwidth    : 73.9138 
#

