# nThread 1 nGpus 1 minBytes 8 maxBytes 134217728 step: 2(factor) warmup iters: 100 iters: 1000 agg iters: 1 validation: 1 graph: 0
#
# Using devices
#  Rank  0 Group  0 Pid  32099 on   bjys1148 device  0 [0x2a] NVIDIA H20
#  Rank  1 Group  0 Pid  32100 on   bjys1148 device  1 [0x3a] NVIDIA H20
#  Rank  2 Group  0 Pid  32101 on   bjys1148 device  2 [0x4c] NVIDIA H20
#  Rank  3 Group  0 Pid  32102 on   bjys1148 device  3 [0x5c] NVIDIA H20
#  Rank  4 Group  0 Pid  32104 on   bjys1148 device  4 [0xaa] NVIDIA H20
#  Rank  5 Group  0 Pid  32107 on   bjys1148 device  5 [0xba] NVIDIA H20
#  Rank  6 Group  0 Pid  32110 on   bjys1148 device  6 [0xca] NVIDIA H20
#  Rank  7 Group  0 Pid  32113 on   bjys1148 device  7 [0xda] NVIDIA H20
#
#                                                              out-of-place                       in-place          
#       size         count      type   redop    root     time   algbw   busbw #wrong     time   algbw   busbw #wrong
#        (B)    (elements)                               (us)  (GB/s)  (GB/s)            (us)  (GB/s)  (GB/s)       
           0             0      int8              -1    20.63    0.00    0.00      0    20.65    0.00    0.00      0
           0             0      int8              -1    20.65    0.00    0.00      0    20.65    0.00    0.00      0
          32             4      int8              -1    27.06    0.00    0.00      0    23.70    0.00    0.00      0
          64             8      int8              -1    25.74    0.00    0.00      0    23.72    0.00    0.00      0
         128            16      int8              -1    26.13    0.00    0.00      0    23.73    0.00    0.00      0
         256            32      int8              -1    25.69    0.01    0.01      0    23.76    0.01    0.01      0
         512            64      int8              -1    26.08    0.02    0.02      0    23.72    0.02    0.02      0
        1024           128      int8              -1    25.70    0.03    0.03      0    23.69    0.04    0.04      0
        2048           256      int8              -1    26.08    0.07    0.07      0    23.70    0.08    0.08      0
        4096           512      int8              -1    25.94    0.14    0.14      0    23.87    0.15    0.15      0
        8192          1024      int8              -1    26.90    0.27    0.27      0    24.49    0.29    0.29      0
       16384          2048      int8              -1    27.87    0.51    0.51      0    25.56    0.56    0.56      0
       32768          4096      int8              -1    30.30    0.95    0.95      0    27.98    1.02    1.02      0
       65536          8192      int8              -1    33.00    1.74    1.74      0    31.62    1.81    1.81      0
      131072         16384      int8              -1    38.58    2.97    2.97      0    37.19    3.08    3.08      0
      262144         32768      int8              -1    42.53    5.39    5.39      0    40.06    5.73    5.73      0
      524288         65536      int8              -1    44.77   10.25   10.25      0    42.29   10.85   10.85      0
     1048576        131072      int8              -1    48.61   18.87   18.87      0    46.42   19.77   19.77      0
     2097152        262144      int8              -1    59.41   30.89   30.89      0    57.46   31.93   31.93      0
     4194304        524288      int8              -1    83.40   44.01   44.01      0    78.57   46.71   46.71      0
     8388608       1048576      int8              -1    124.8   58.82   58.82      0    119.7   61.33   61.33      0
    16777216       2097152      int8              -1    199.9   73.45   73.45      0    196.3   74.80   74.80      0
    33554432       4194304      int8              -1    356.7   82.32   82.32      0    346.7   84.69   84.69      0
    67108864       8388608      int8              -1    647.8   90.65   90.65      0    639.9   91.77   91.77      0
   134217728      16777216      int8              -1   1233.6   95.20   95.20      0   1218.1   96.42   96.42      0
           0             0     uint8              -1    21.11    0.00    0.00      0    21.10    0.00    0.00      0
           0             0     uint8              -1    21.10    0.00    0.00      0    21.10    0.00    0.00      0
          32             4     uint8              -1    26.77    0.00    0.00      0    23.66    0.00    0.00      0
          64             8     uint8              -1    26.10    0.00    0.00      0    23.68    0.00    0.00      0
         128            16     uint8              -1    25.73    0.00    0.00      0    23.70    0.00    0.00      0
         256            32     uint8              -1    26.05    0.01    0.01      0    23.73    0.01    0.01      0
         512            64     uint8              -1    25.78    0.02    0.02      0    23.72    0.02    0.02      0
        1024           128     uint8              -1    26.15    0.03    0.03      0    23.68    0.04    0.04      0
        2048           256     uint8              -1    25.75    0.07    0.07      0    23.70    0.08    0.08      0
        4096           512     uint8              -1    26.28    0.14    0.14      0    23.89    0.15    0.15      0
        8192          1024     uint8              -1    26.55    0.27    0.27      0    24.49    0.29    0.29      0
       16384          2048     uint8              -1    27.96    0.51    0.51      0    25.56    0.56    0.56      0
       32768          4096     uint8              -1    29.88    0.96    0.96      0    27.97    1.03    1.03      0
       65536          8192     uint8              -1    33.67    1.70    1.70      0    31.65    1.81    1.81      0
      131072         16384     uint8              -1    38.17    3.00    3.00      0    37.15    3.09    3.09      0
      262144         32768     uint8              -1    42.77    5.36    5.36      0    40.17    5.71    5.71      0
      524288         65536     uint8              -1    44.32   10.35   10.35      0    42.40   10.82   10.82      0
     1048576        131072     uint8              -1    49.33   18.60   18.60      0    46.22   19.85   19.85      0
     2097152        262144     uint8              -1    59.14   31.03   31.03      0    57.71   31.79   31.79      0
     4194304        524288     uint8              -1    83.56   43.92   43.92      0    78.86   46.54   46.54      0
     8388608       1048576     uint8              -1    123.0   59.67   59.67      0    120.1   61.11   61.11      0
    16777216       2097152     uint8              -1    201.0   73.05   73.05      0    195.7   75.01   75.01      0
    33554432       4194304     uint8              -1    355.3   82.63   82.63      0    349.8   83.93   83.93      0
    67108864       8388608     uint8              -1    649.2   90.45   90.45      0    639.1   91.88   91.88      0
   134217728      16777216     uint8              -1   1233.7   95.19   95.19      0   1215.9   96.59   96.59      0
           0             0     int32              -1    21.09    0.00    0.00      0    21.10    0.00    0.00      0
           0             0     int32              -1    21.14    0.00    0.00      0    21.11    0.00    0.00      0
           0             0     int32              -1    21.10    0.00    0.00      0    21.10    0.00    0.00      0
           0             0     int32              -1    21.10    0.00    0.00      0    21.14    0.00    0.00      0
         128             4     int32              -1    27.37    0.00    0.00      0    23.72    0.00    0.00      0
         256             8     int32              -1    25.67    0.01    0.01      0    23.75    0.01    0.01      0
         512            16     int32              -1    26.09    0.02    0.02      0    23.71    0.02    0.02      0
        1024            32     int32              -1    25.71    0.03    0.03      0    23.68    0.04    0.04      0
        2048            64     int32              -1    26.11    0.07    0.07      0    23.69    0.08    0.08      0
        4096           128     int32              -1    25.92    0.14    0.14      0    23.88    0.15    0.15      0
        8192           256     int32              -1    26.90    0.27    0.27      0    24.46    0.29    0.29      0
       16384           512     int32              -1    27.65    0.52    0.52      0    25.54    0.56    0.56      0
       32768          1024     int32              -1    30.33    0.95    0.95      0    27.96    1.03    1.03      0
       65536          2048     int32              -1    33.01    1.74    1.74      0    31.64    1.81    1.81      0
      131072          4096     int32              -1    38.58    2.97    2.97      0    37.22    3.08    3.08      0
      262144          8192     int32              -1    42.13    5.44    5.44      0    40.15    5.71    5.71      0
      524288         16384     int32              -1    44.72   10.26   10.26      0    42.28   10.85   10.85      0
     1048576         32768     int32              -1    48.53   18.91   18.91      0    46.29   19.82   19.82      0
     2097152         65536     int32              -1    59.35   30.92   30.92      0    57.85   31.72   31.72      0
     4194304        131072     int32              -1    83.89   43.75   43.75      0    78.80   46.57   46.57      0
     8388608        262144     int32              -1    124.5   58.98   58.98      0    120.0   61.14   61.14      0
    16777216        524288     int32              -1    199.8   73.46   73.46      0    195.7   75.02   75.02      0
    33554432       1048576     int32              -1    355.6   82.56   82.56      0    348.7   84.20   84.20      0
    67108864       2097152     int32              -1    648.3   90.58   90.58      0    640.0   91.76   91.76      0
   134217728       4194304     int32              -1   1233.7   95.19   95.19      0   1217.2   96.48   96.48      0
           0             0    uint32              -1    21.12    0.00    0.00      0    21.11    0.00    0.00      0
           0             0    uint32              -1    21.09    0.00    0.00      0    21.10    0.00    0.00      0
           0             0    uint32              -1    21.12    0.00    0.00      0    21.11    0.00    0.00      0
           0             0    uint32              -1    21.09    0.00    0.00      0    21.10    0.00    0.00      0
         128             4    uint32              -1    26.95    0.00    0.00      0    23.74    0.00    0.00      0
         256             8    uint32              -1    26.03    0.01    0.01      0    23.75    0.01    0.01      0
         512            16    uint32              -1    25.75    0.02    0.02      0    23.75    0.02    0.02      0
        1024            32    uint32              -1    26.11    0.03    0.03      0    23.67    0.04    0.04      0
        2048            64    uint32              -1    25.79    0.07    0.07      0    23.75    0.08    0.08      0
        4096           128    uint32              -1    26.26    0.14    0.14      0    23.86    0.15    0.15      0
        8192           256    uint32              -1    26.55    0.27    0.27      0    24.53    0.29    0.29      0
       16384           512    uint32              -1    27.99    0.51    0.51      0    25.55    0.56    0.56      0
       32768          1024    uint32              -1    29.91    0.96    0.96      0    28.00    1.02    1.02      0
       65536          2048    uint32              -1    33.49    1.71    1.71      0    31.66    1.81    1.81      0
      131072          4096    uint32              -1    38.26    3.00    3.00      0    37.22    3.08    3.08      0
      262144          8192    uint32              -1    42.60    5.38    5.38      0    40.11    5.72    5.72      0
      524288         16384    uint32              -1    44.27   10.36   10.36      0    42.54   10.78   10.78      0
     1048576         32768    uint32              -1    49.01   18.72   18.72      0    46.42   19.77   19.77      0
     2097152         65536    uint32              -1    59.35   30.92   30.92      0    56.95   32.22   32.22      0
     4194304        131072    uint32              -1    82.07   44.72   44.72      0    78.62   46.68   46.68      0
     8388608        262144    uint32              -1    123.4   59.47   59.47      0    120.0   61.19   61.19      0
    16777216        524288    uint32              -1    201.8   72.75   72.75      0    196.2   74.82   74.82      0
    33554432       1048576    uint32              -1    355.7   82.55   82.55      0    348.4   84.27   84.27      0
    67108864       2097152    uint32              -1    649.2   90.45   90.45      0    639.4   91.83   91.83      0
   134217728       4194304    uint32              -1   1233.2   95.23   95.23      0   1217.6   96.45   96.45      0
           0             0     int64              -1    21.12    0.00    0.00      0    21.10    0.00    0.00      0
           0             0     int64              -1    21.12    0.00    0.00      0    21.11    0.00    0.00      0
           0             0     int64              -1    21.10    0.00    0.00      0    21.12    0.00    0.00      0
           0             0     int64              -1    21.10    0.00    0.00      0    21.12    0.00    0.00      0
           0             0     int64              -1    21.10    0.00    0.00      0    21.12    0.00    0.00      0
         256             4     int64              -1    27.07    0.01    0.01      0    23.76    0.01    0.01      0
         512             8     int64              -1    25.72    0.02    0.02      0    23.71    0.02    0.02      0
        1024            16     int64              -1    26.08    0.03    0.03      0    23.72    0.04    0.04      0
        2048            32     int64              -1    25.75    0.07    0.07      0    23.71    0.08    0.08      0
        4096            64     int64              -1    26.28    0.14    0.14      0    23.91    0.15    0.15      0
        8192           128     int64              -1    26.55    0.27    0.27      0    24.50    0.29    0.29      0
       16384           256     int64              -1    28.00    0.51    0.51      0    25.58    0.56    0.56      0
       32768           512     int64              -1    29.89    0.96    0.96      0    27.99    1.02    1.02      0
       65536          1024     int64              -1    33.50    1.71    1.71      0    31.66    1.81    1.81      0
      131072          2048     int64              -1    38.25    3.00    3.00      0    37.18    3.09    3.09      0
      262144          4096     int64              -1    42.85    5.35    5.35      0    40.12    5.72    5.72      0
      524288          8192     int64              -1    44.21   10.38   10.38      0    42.35   10.83   10.83      0
     1048576         16384     int64              -1    48.97   18.74   18.74      0    46.31   19.81   19.81      0
     2097152         32768     int64              -1    59.54   30.82   30.82      0    57.89   31.70   31.70      0
     4194304         65536     int64              -1    82.46   44.51   44.51      0    78.96   46.48   46.48      0
     8388608        131072     int64              -1    123.5   59.44   59.44      0    120.0   61.16   61.16      0
    16777216        262144     int64              -1    201.3   72.94   72.94      0    195.8   74.96   74.96      0
    33554432        524288     int64              -1    355.9   82.49   82.49      0    350.8   83.70   83.70      0
    67108864       1048576     int64              -1    649.9   90.35   90.35      0    640.0   91.76   91.76      0
   134217728       2097152     int64              -1   1232.6   95.28   95.28      0   1218.4   96.39   96.39      0
           0             0    uint64              -1    21.12    0.00    0.00      0    21.11    0.00    0.00      0
           0             0    uint64              -1    21.11    0.00    0.00      0    21.12    0.00    0.00      0
           0             0    uint64              -1    21.11    0.00    0.00      0    21.12    0.00    0.00      0
           0             0    uint64              -1    21.10    0.00    0.00      0    21.11    0.00    0.00      0
           0             0    uint64              -1    21.12    0.00    0.00      0    21.09    0.00    0.00      0
         256             4    uint64              -1    27.09    0.01    0.01      0    23.75    0.01    0.01      0
         512             8    uint64              -1    25.75    0.02    0.02      0    23.73    0.02    0.02      0
        1024            16    uint64              -1    26.13    0.03    0.03      0    23.69    0.04    0.04      0
        2048            32    uint64              -1    25.76    0.07    0.07      0    23.74    0.08    0.08      0
        4096            64    uint64              -1    26.28    0.14    0.14      0    23.86    0.15    0.15      0
        8192           128    uint64              -1    26.55    0.27    0.27      0    24.50    0.29    0.29      0
       16384           256    uint64              -1    27.98    0.51    0.51      0    25.54    0.56    0.56      0
       32768           512    uint64              -1    29.91    0.96    0.96      0    28.00    1.02    1.02      0
       65536          1024    uint64              -1    33.56    1.71    1.71      0    31.70    1.81    1.81      0
      131072          2048    uint64              -1    38.12    3.01    3.01      0    37.30    3.08    3.08      0
      262144          4096    uint64              -1    42.66    5.38    5.38      0    40.06    5.73    5.73      0
      524288          8192    uint64              -1    44.37   10.34   10.34      0    42.33   10.84   10.84      0
     1048576         16384    uint64              -1    49.00   18.72   18.72      0    46.44   19.76   19.76      0
     2097152         32768    uint64              -1    58.96   31.12   31.12      0    57.75   31.77   31.77      0
     4194304         65536    uint64              -1    82.32   44.58   44.58      0    78.42   46.80   46.80      0
     8388608        131072    uint64              -1    123.8   59.27   59.27      0    119.9   61.23   61.23      0
    16777216        262144    uint64              -1    201.6   72.82   72.82      0    196.2   74.81   74.81      0
    33554432        524288    uint64              -1    355.8   82.51   82.51      0    350.2   83.84   83.84      0
    67108864       1048576    uint64              -1    649.0   90.48   90.48      0    640.5   91.67   91.67      0
   134217728       2097152    uint64              -1   1233.7   95.20   95.20      0   1218.9   96.35   96.35      0
           0             0      half              -1    21.10    0.00    0.00      0    21.10    0.00    0.00      0
           0             0      half              -1    21.12    0.00    0.00      0    21.10    0.00    0.00      0
           0             0      half              -1    21.12    0.00    0.00      0    21.10    0.00    0.00      0
          64             4      half              -1    27.23    0.00    0.00      0    23.70    0.00    0.00      0
         128             8      half              -1    25.75    0.00    0.00      0    23.70    0.00    0.00      0
         256            16      half              -1    26.03    0.01    0.01      0    23.76    0.01    0.01      0
         512            32      half              -1    25.84    0.02    0.02      0    23.71    0.02    0.02      0
        1024            64      half              -1    26.10    0.03    0.03      0    23.69    0.04    0.04      0
        2048           128      half              -1    25.76    0.07    0.07      0    23.69    0.08    0.08      0
        4096           256      half              -1    26.29    0.14    0.14      0    23.90    0.15    0.15      0
        8192           512      half              -1    26.58    0.27    0.27      0    24.47    0.29    0.29      0
       16384          1024      half              -1    27.98    0.51    0.51      0    25.56    0.56    0.56      0
       32768          2048      half              -1    29.90    0.96    0.96      0    27.98    1.02    1.02      0
       65536          4096      half              -1    33.40    1.72    1.72      0    31.68    1.81    1.81      0
      131072          8192      half              -1    38.30    2.99    2.99      0    37.30    3.07    3.07      0
      262144         16384      half              -1    42.49    5.40    5.40      0    40.23    5.70    5.70      0
      524288         32768      half              -1    44.24   10.37   10.37      0    42.39   10.82   10.82      0
     1048576         65536      half              -1    49.04   18.71   18.71      0    46.33   19.80   19.80      0
     2097152        131072      half              -1    59.31   30.94   30.94      0    57.00   32.19   32.19      0
     4194304        262144      half              -1    84.39   43.49   43.49      0    80.01   45.87   45.87      0
     8388608        524288      half              -1    123.1   59.60   59.60      0    120.2   61.08   61.08      0
    16777216       1048576      half              -1    201.6   72.82   72.82      0    196.0   74.90   74.90      0
    33554432       2097152      half              -1    355.4   82.61   82.61      0    349.0   84.12   84.12      0
    67108864       4194304      half              -1    649.2   90.44   90.44      0    639.7   91.79   91.79      0
   134217728       8388608      half              -1   1232.3   95.30   95.30      0   1216.8   96.52   96.52      0
           0             0     float              -1    21.12    0.00    0.00      0    21.11    0.00    0.00      0
           0             0     float              -1    21.13    0.00    0.00      0    21.11    0.00    0.00      0
           0             0     float              -1    21.12    0.00    0.00      0    21.10    0.00    0.00      0
           0             0     float              -1    21.10    0.00    0.00      0    21.12    0.00    0.00      0
         128             4     float              -1    27.34    0.00    0.00      0    23.73    0.00    0.00      0
         256             8     float              -1    25.69    0.01    0.01      0    23.77    0.01    0.01      0
         512            16     float              -1    26.11    0.02    0.02      0    23.73    0.02    0.02      0
        1024            32     float              -1    25.76    0.03    0.03      0    23.70    0.04    0.04      0
        2048            64     float              -1    26.11    0.07    0.07      0    23.70    0.08    0.08      0
        4096           128     float              -1    25.95    0.14    0.14      0    23.89    0.15    0.15      0
        8192           256     float              -1    26.88    0.27    0.27      0    24.49    0.29    0.29      0
       16384           512     float              -1    27.67    0.52    0.52      0    25.55    0.56    0.56      0
       32768          1024     float              -1    30.31    0.95    0.95      0    27.98    1.02    1.02      0
       65536          2048     float              -1    33.10    1.73    1.73      0    31.66    1.81    1.81      0
      131072          4096     float              -1    38.61    2.97    2.97      0    37.24    3.08    3.08      0
      262144          8192     float              -1    42.18    5.44    5.44      0    40.22    5.70    5.70      0
      524288         16384     float              -1    44.84   10.23   10.23      0    42.31   10.84   10.84      0
     1048576         32768     float              -1    48.62   18.87   18.87      0    46.28   19.82   19.82      0
     2097152         65536     float              -1    59.38   30.90   30.90      0    57.28   32.03   32.03      0
     4194304        131072     float              -1    81.25   45.17   45.17      0    78.52   46.74   46.74      0
     8388608        262144     float              -1    124.6   58.93   58.93      0    120.0   61.15   61.15      0
    16777216        524288     float              -1    200.4   73.24   73.24      0    195.8   74.99   74.99      0
    33554432       1048576     float              -1    355.5   82.59   82.59      0    348.9   84.15   84.15      0
    67108864       2097152     float              -1    648.7   90.52   90.52      0    639.7   91.79   91.79      0
   134217728       4194304     float              -1   1234.3   95.15   95.15      0   1219.2   96.33   96.33      0
           0             0    double              -1    21.12    0.00    0.00      0    21.12    0.00    0.00      0
           0             0    double              -1    21.09    0.00    0.00      0    21.10    0.00    0.00      0
           0             0    double              -1    21.12    0.00    0.00      0    21.11    0.00    0.00      0
           0             0    double              -1    21.09    0.00    0.00      0    21.10    0.00    0.00      0
           0             0    double              -1    21.10    0.00    0.00      0    21.12    0.00    0.00      0
         256             4    double              -1    26.71    0.01    0.01      0    23.75    0.01    0.01      0
         512             8    double              -1    26.06    0.02    0.02      0    23.73    0.02    0.02      0
        1024            16    double              -1    25.73    0.03    0.03      0    23.69    0.04    0.04      0
        2048            32    double              -1    26.10    0.07    0.07      0    23.73    0.08    0.08      0
        4096            64    double              -1    25.95    0.14    0.14      0    23.87    0.15    0.15      0
        8192           128    double              -1    26.91    0.27    0.27      0    24.50    0.29    0.29      0
       16384           256    double              -1    27.64    0.52    0.52      0    25.55    0.56    0.56      0
       32768           512    double              -1    30.35    0.94    0.94      0    27.99    1.02    1.02      0
       65536          1024    double              -1    32.97    1.74    1.74      0    31.65    1.81    1.81      0
      131072          2048    double              -1    38.53    2.98    2.98      0    37.26    3.08    3.08      0
      262144          4096    double              -1    42.12    5.45    5.45      0    40.17    5.71    5.71      0
      524288          8192    double              -1    44.81   10.24   10.24      0    42.32   10.84   10.84      0
     1048576         16384    double              -1    48.30   19.00   19.00      0    46.30   19.82   19.82      0
     2097152         32768    double              -1    59.54   30.82   30.82      0    57.58   31.87   31.87      0
     4194304         65536    double              -1    83.15   44.14   44.14      0    78.26   46.90   46.90      0
     8388608        131072    double              -1    125.0   58.73   58.73      0    119.9   61.24   61.24      0
    16777216        262144    double              -1    199.9   73.44   73.44      0    196.1   74.86   74.86      0
    33554432        524288    double              -1    357.0   82.25   82.25      0    348.6   84.23   84.23      0
    67108864       1048576    double              -1    647.7   90.67   90.67      0    639.6   91.81   91.81      0
   134217728       2097152    double              -1   1233.5   95.21   95.21      0   1220.0   96.26   96.26      0
           0             0  bfloat16              -1    21.16    0.00    0.00      0    21.11    0.00    0.00      0
           0             0  bfloat16              -1    21.11    0.00    0.00      0    21.13    0.00    0.00      0
           0             0  bfloat16              -1    21.12    0.00    0.00      0    21.10    0.00    0.00      0
          64             4  bfloat16              -1    26.85    0.00    0.00      0    23.69    0.00    0.00      0
         128             8  bfloat16              -1    26.12    0.00    0.00      0    23.70    0.00    0.00      0
         256            16  bfloat16              -1    25.70    0.01    0.01      0    23.75    0.01    0.01      0
         512            32  bfloat16              -1    26.15    0.02    0.02      0    23.70    0.02    0.02      0
        1024            64  bfloat16              -1    25.74    0.03    0.03      0    23.67    0.04    0.04      0
        2048           128  bfloat16              -1    26.10    0.07    0.07      0    23.71    0.08    0.08      0
        4096           256  bfloat16              -1    25.93    0.14    0.14      0    23.88    0.15    0.15      0
        8192           512  bfloat16              -1    26.91    0.27    0.27      0    24.49    0.29    0.29      0
       16384          1024  bfloat16              -1    27.64    0.52    0.52      0    25.56    0.56    0.56      0
       32768          2048  bfloat16              -1    30.31    0.95    0.95      0    27.99    1.02    1.02      0
       65536          4096  bfloat16              -1    33.02    1.74    1.74      0    31.64    1.81    1.81      0
      131072          8192  bfloat16              -1    38.83    2.95    2.95      0    37.17    3.09    3.09      0
      262144         16384  bfloat16              -1    42.27    5.43    5.43      0    40.06    5.73    5.73      0
      524288         32768  bfloat16              -1    44.64   10.28   10.28      0    42.34   10.83   10.83      0
     1048576         65536  bfloat16              -1    48.28   19.00   19.00      0    46.35   19.79   19.79      0
     2097152        131072  bfloat16              -1    60.62   30.27   30.27      0    57.41   31.96   31.96      0
     4194304        262144  bfloat16              -1    81.20   45.20   45.20      0    79.45   46.19   46.19      0
     8388608        524288  bfloat16              -1    124.4   58.99   58.99      0    120.0   61.17   61.17      0
    16777216       1048576  bfloat16              -1    200.8   73.13   73.13      0    195.8   74.98   74.98      0
    33554432       2097152  bfloat16              -1    356.6   82.33   82.33      0    348.4   84.27   84.27      0
    67108864       4194304  bfloat16              -1    648.6   90.54   90.54      0    639.8   91.78   91.78      0
   134217728       8388608  bfloat16              -1   1234.0   95.17   95.17      0   1218.2   96.41   96.41      0
# Out of bounds values : 0 OK
# Avg bus bandwidth    : 20.9456 
#

