# nThread 1 nGpus 1 minBytes 8 maxBytes 134217728 step: 2(factor) warmup iters: 100 iters: 1000 agg iters: 1 validation: 1 graph: 0
#
# Using devices
#  Rank  0 Group  0 Pid  33107 on   bjys1148 device  0 [0x2a] NVIDIA H20
#  Rank  1 Group  0 Pid  33108 on   bjys1148 device  1 [0x3a] NVIDIA H20
#
#                                                              out-of-place                       in-place          
#       size         count      type   redop    root     time   algbw   busbw #wrong     time   algbw   busbw #wrong
#        (B)    (elements)                               (us)  (GB/s)  (GB/s)            (us)  (GB/s)  (GB/s)       
           8             4      int8     sum      -1     7.71    0.00    0.00      0     7.30    0.00    0.00      0
          16             8      int8     sum      -1     7.29    0.00    0.00      0     7.30    0.00    0.00      0
          32            16      int8     sum      -1     7.33    0.00    0.00      0     7.33    0.00    0.00      0
          64            32      int8     sum      -1     7.39    0.01    0.00      0     7.36    0.01    0.00      0
         128            64      int8     sum      -1     7.69    0.02    0.01      0     7.31    0.02    0.01      0
         256           128      int8     sum      -1     7.47    0.03    0.02      0     7.38    0.03    0.02      0
         512           256      int8     sum      -1     7.57    0.07    0.03      0     7.37    0.07    0.03      0
        1024           512      int8     sum      -1     7.54    0.14    0.07      0     7.38    0.14    0.07      0
        2048          1024      int8     sum      -1     7.52    0.27    0.14      0     7.43    0.28    0.14      0
        4096          2048      int8     sum      -1     7.62    0.54    0.27      0     7.54    0.54    0.27      0
        8192          4096      int8     sum      -1     7.96    1.03    0.51      0     7.88    1.04    0.52      0
       16384          8192      int8     sum      -1     8.10    2.02    1.01      0     8.03    2.04    1.02      0
       32768         16384      int8     sum      -1     8.26    3.97    1.98      0     8.27    3.96    1.98      0
       65536         32768      int8     sum      -1     8.48    7.73    3.87      0     8.54    7.68    3.84      0
      131072         65536      int8     sum      -1     8.78   14.92    7.46      0     8.72   15.04    7.52      0
      262144        131072      int8     sum      -1     9.84   26.64   13.32      0     9.88   26.53   13.26      0
      524288        262144      int8     sum      -1    11.20   46.79   23.40      0    11.14   47.07   23.53      0
     1048576        524288      int8     sum      -1    14.70   71.32   35.66      0    14.73   71.19   35.60      0
     2097152       1048576      int8     sum      -1    21.46   97.73   48.87      0    21.45   97.77   48.88      0
     4194304       2097152      int8     sum      -1    29.01  144.56   72.28      0    28.75  145.90   72.95      0
     8388608       4194304      int8     sum      -1    38.61  217.25  108.63      0    38.32  218.89  109.45      0
    16777216       8388608      int8     sum      -1    56.09  299.12  149.56      0    55.10  304.51  152.25      0
    33554432      16777216      int8     sum      -1    99.17  338.35  169.18      0    95.78  350.31  175.16      0
    67108864      33554432      int8     sum      -1    175.3  382.79  191.40      0    173.2  387.57  193.78      0
   134217728      67108864      int8     sum      -1    316.0  424.77  212.38      0    313.2  428.58  214.29      0
           8             4     uint8     sum      -1     7.29    0.00    0.00      0     7.30    0.00    0.00      0
          16             8     uint8     sum      -1     7.30    0.00    0.00      0     7.31    0.00    0.00      0
          32            16     uint8     sum      -1     7.33    0.00    0.00      0     7.33    0.00    0.00      0
          64            32     uint8     sum      -1     7.39    0.01    0.00      0     7.36    0.01    0.00      0
         128            64     uint8     sum      -1     7.45    0.02    0.01      0     7.37    0.02    0.01      0
         256           128     uint8     sum      -1     7.46    0.03    0.02      0     7.38    0.03    0.02      0
         512           256     uint8     sum      -1     7.66    0.07    0.03      0     7.36    0.07    0.03      0
        1024           512     uint8     sum      -1     7.64    0.13    0.07      0     7.39    0.14    0.07      0
        2048          1024     uint8     sum      -1     7.52    0.27    0.14      0     7.43    0.28    0.14      0
        4096          2048     uint8     sum      -1     7.62    0.54    0.27      0     7.54    0.54    0.27      0
        8192          4096     uint8     sum      -1     7.96    1.03    0.51      0     7.88    1.04    0.52      0
       16384          8192     uint8     sum      -1     8.09    2.03    1.01      0     8.02    2.04    1.02      0
       32768         16384     uint8     sum      -1     8.25    3.97    1.99      0     8.26    3.97    1.98      0
       65536         32768     uint8     sum      -1     8.42    7.78    3.89      0     8.45    7.76    3.88      0
      131072         65536     uint8     sum      -1     8.60   15.23    7.62      0     8.61   15.21    7.61      0
      262144        131072     uint8     sum      -1     9.76   26.86   13.43      0     9.75   26.88   13.44      0
      524288        262144     uint8     sum      -1    11.09   47.28   23.64      0    11.09   47.26   23.63      0
     1048576        524288     uint8     sum      -1    14.65   71.58   35.79      0    14.74   71.16   35.58      0
     2097152       1048576     uint8     sum      -1    21.54   97.36   48.68      0    21.51   97.48   48.74      0
     4194304       2097152     uint8     sum      -1    29.09  144.18   72.09      0    28.78  145.76   72.88      0
     8388608       4194304     uint8     sum      -1    39.06  214.78  107.39      0    38.77  216.37  108.18      0
    16777216       8388608     uint8     sum      -1    56.34  297.81  148.90      0    55.08  304.58  152.29      0
    33554432      16777216     uint8     sum      -1    100.0  335.49  167.75      0    96.08  349.23  174.62      0
    67108864      33554432     uint8     sum      -1    175.4  382.66  191.33      0    173.5  386.70  193.35      0
   134217728      67108864     uint8     sum      -1    315.3  425.65  212.82      0    314.4  426.86  213.43      0
           0             0     int32     sum      -1     0.13    0.00    0.00      0     0.13    0.00    0.00      0
           0             0     int32     sum      -1     0.13    0.00    0.00      0     0.13    0.00    0.00      0
          32             4     int32     sum      -1     7.34    0.00    0.00      0     7.34    0.00    0.00      0
          64             8     int32     sum      -1     7.33    0.01    0.00      0     7.30    0.01    0.00      0
         128            16     int32     sum      -1     7.40    0.02    0.01      0     7.32    0.02    0.01      0
         256            32     int32     sum      -1     7.42    0.03    0.02      0     7.32    0.03    0.02      0
         512            64     int32     sum      -1     7.61    0.07    0.03      0     7.31    0.07    0.03      0
        1024           128     int32     sum      -1     7.59    0.13    0.07      0     7.33    0.14    0.07      0
        2048           256     int32     sum      -1     7.46    0.27    0.14      0     7.37    0.28    0.14      0
        4096           512     int32     sum      -1     7.53    0.54    0.27      0     7.46    0.55    0.27      0
        8192          1024     int32     sum      -1     7.78    1.05    0.53      0     7.71    1.06    0.53      0
       16384          2048     int32     sum      -1     7.91    2.07    1.04      0     7.89    2.08    1.04      0
       32768          4096     int32     sum      -1     8.11    4.04    2.02      0     8.12    4.04    2.02      0
       65536          8192     int32     sum      -1     8.28    7.92    3.96      0     8.29    7.91    3.95      0
      131072         16384     int32     sum      -1     8.48   15.46    7.73      0     8.48   15.46    7.73      0
      262144         32768     int32     sum      -1     9.48   27.66   13.83      0     9.56   27.42   13.71      0
      524288         65536     int32     sum      -1    10.72   48.93   24.46      0    10.72   48.89   24.45      0
     1048576        131072     int32     sum      -1    14.06   74.60   37.30      0    14.10   74.35   37.17      0
     2097152        262144     int32     sum      -1    20.61  101.74   50.87      0    20.58  101.89   50.94      0
     4194304        524288     int32     sum      -1    27.89  150.41   75.20      0    27.60  151.94   75.97      0
     8388608       1048576     int32     sum      -1    37.30  224.87  112.44      0    36.93  227.17  113.59      0
    16777216       2097152     int32     sum      -1    53.31  314.70  157.35      0    52.51  319.49  159.75      0
    33554432       4194304     int32     sum      -1    90.69  369.99  184.99      0    89.04  376.83  188.41      0
    67108864       8388608     int32     sum      -1    159.0  422.09  211.05      0    157.2  426.91  213.46      0
   134217728      16777216     int32     sum      -1    284.6  471.64  235.82      0    281.8  476.29  238.14      0
           0             0    uint32     sum      -1     0.13    0.00    0.00      0     0.13    0.00    0.00      0
           0             0    uint32     sum      -1     0.12    0.00    0.00      0     0.13    0.00    0.00      0
          32             4    uint32     sum      -1     7.34    0.00    0.00      0     7.34    0.00    0.00      0
          64             8    uint32     sum      -1     7.34    0.01    0.00      0     7.31    0.01    0.00      0
         128            16    uint32     sum      -1     7.40    0.02    0.01      0     7.32    0.02    0.01      0
         256            32    uint32     sum      -1     7.42    0.03    0.02      0     7.33    0.03    0.02      0
         512            64    uint32     sum      -1     7.62    0.07    0.03      0     7.32    0.07    0.03      0
        1024           128    uint32     sum      -1     7.54    0.14    0.07      0     7.34    0.14    0.07      0
        2048           256    uint32     sum      -1     7.46    0.27    0.14      0     7.37    0.28    0.14      0
        4096           512    uint32     sum      -1     7.53    0.54    0.27      0     7.46    0.55    0.27      0
        8192          1024    uint32     sum      -1     7.78    1.05    0.53      0     7.70    1.06    0.53      0
       16384          2048    uint32     sum      -1     7.92    2.07    1.03      0     7.85    2.09    1.04      0
       32768          4096    uint32     sum      -1     8.12    4.04    2.02      0     8.17    4.01    2.01      0
       65536          8192    uint32     sum      -1     8.28    7.92    3.96      0     8.29    7.90    3.95      0
      131072         16384    uint32     sum      -1     8.47   15.47    7.73      0     8.47   15.48    7.74      0
      262144         32768    uint32     sum      -1     9.48   27.65   13.83      0     9.47   27.68   13.84      0
      524288         65536    uint32     sum      -1    10.77   48.67   24.33      0    10.73   48.87   24.44      0
     1048576        131072    uint32     sum      -1    14.05   74.62   37.31      0    14.08   74.48   37.24      0
     2097152        262144    uint32     sum      -1    20.52  102.20   51.10      0    20.48  102.42   51.21      0
     4194304        524288    uint32     sum      -1    27.86  150.53   75.26      0    27.58  152.10   76.05      0
     8388608       1048576    uint32     sum      -1    37.36  224.52  112.26      0    37.03  226.51  113.26      0
    16777216       2097152    uint32     sum      -1    53.46  313.82  156.91      0    52.89  317.21  158.60      0
    33554432       4194304    uint32     sum      -1    90.98  368.81  184.40      0    89.08  376.70  188.35      0
    67108864       8388608    uint32     sum      -1    158.9  422.38  211.19      0    157.1  427.24  213.62      0
   134217728      16777216    uint32     sum      -1    285.2  470.64  235.32      0    282.7  474.78  237.39      0
           0             0     int64     sum      -1     0.13    0.00    0.00      0     0.13    0.00    0.00      0
           0             0     int64     sum      -1     0.13    0.00    0.00      0     0.12    0.00    0.00      0
           0             0     int64     sum      -1     0.13    0.00    0.00      0     0.13    0.00    0.00      0
          64             4     int64     sum      -1     7.43    0.01    0.00      0     7.36    0.01    0.00      0
         128             8     int64     sum      -1     7.38    0.02    0.01      0     7.30    0.02    0.01      0
         256            16     int64     sum      -1     7.40    0.03    0.02      0     7.32    0.03    0.02      0
         512            32     int64     sum      -1     7.40    0.07    0.03      0     7.31    0.07    0.04      0
        1024            64     int64     sum      -1     7.47    0.14    0.07      0     7.33    0.14    0.07      0
        2048           128     int64     sum      -1     7.45    0.28    0.14      0     7.36    0.28    0.14      0
        4096           256     int64     sum      -1     7.52    0.54    0.27      0     7.45    0.55    0.27      0
        8192           512     int64     sum      -1     7.75    1.06    0.53      0     7.68    1.07    0.53      0
       16384          1024     int64     sum      -1     7.89    2.08    1.04      0     7.82    2.09    1.05      0
       32768          2048     int64     sum      -1     8.08    4.06    2.03      0     8.08    4.05    2.03      0
       65536          4096     int64     sum      -1     8.25    7.94    3.97      0     8.26    7.93    3.97      0
      131072          8192     int64     sum      -1     8.44   15.52    7.76      0     8.48   15.45    7.72      0
      262144         16384     int64     sum      -1     9.45   27.75   13.88      0     9.40   27.89   13.94      0
      524288         32768     int64     sum      -1    10.58   49.54   24.77      0    10.56   49.66   24.83      0
     1048576         65536     int64     sum      -1    13.83   75.81   37.90      0    13.85   75.69   37.85      0
     2097152        131072     int64     sum      -1    20.01  104.82   52.41      0    19.99  104.90   52.45      0
     4194304        262144     int64     sum      -1    27.66  151.61   75.81      0    27.35  153.37   76.68      0
     8388608        524288     int64     sum      -1    36.97  226.91  113.46      0    36.55  229.49  114.74      0
    16777216       1048576     int64     sum      -1    52.91  317.07  158.53      0    52.29  320.85  160.43      0
    33554432       2097152     int64     sum      -1    90.97  368.85  184.42      0    88.99  377.04  188.52      0
    67108864       4194304     int64     sum      -1    158.7  422.75  211.37      0    157.1  427.17  213.59      0
   134217728       8388608     int64     sum      -1    284.2  472.21  236.10      0    282.0  475.94  237.97      0
           0             0    uint64     sum      -1     0.13    0.00    0.00      0     0.13    0.00    0.00      0
           0             0    uint64     sum      -1     0.13    0.00    0.00      0     0.13    0.00    0.00      0
           0             0    uint64     sum      -1     0.14    0.00    0.00      0     0.13    0.00    0.00      0
          64             4    uint64     sum      -1     7.42    0.01    0.00      0     7.36    0.01    0.00      0
         128             8    uint64     sum      -1     7.37    0.02    0.01      0     7.30    0.02    0.01      0
         256            16    uint64     sum      -1     7.39    0.03    0.02      0     7.32    0.03    0.02      0
         512            32    uint64     sum      -1     7.40    0.07    0.03      0     7.31    0.07    0.04      0
        1024            64    uint64     sum      -1     7.58    0.14    0.07      0     7.34    0.14    0.07      0
        2048           128    uint64     sum      -1     7.44    0.28    0.14      0     7.37    0.28    0.14      0
        4096           256    uint64     sum      -1     7.52    0.54    0.27      0     7.45    0.55    0.27      0
        8192           512    uint64     sum      -1     7.74    1.06    0.53      0     7.67    1.07    0.53      0
       16384          1024    uint64     sum      -1     7.89    2.08    1.04      0     7.83    2.09    1.05      0
       32768          2048    uint64     sum      -1     8.07    4.06    2.03      0     8.08    4.06    2.03      0
       65536          4096    uint64     sum      -1     8.24    7.95    3.98      0     8.33    7.87    3.93      0
      131072          8192    uint64     sum      -1     8.44   15.53    7.76      0     8.44   15.52    7.76      0
      262144         16384    uint64     sum      -1     9.41   27.85   13.92      0     9.39   27.91   13.96      0
      524288         32768    uint64     sum      -1    10.59   49.52   24.76      0    10.59   49.50   24.75      0
     1048576         65536    uint64     sum      -1    13.89   75.47   37.73      0    13.82   75.87   37.94      0
     2097152        131072    uint64     sum      -1    20.08  104.45   52.23      0    20.10  104.32   52.16      0
     4194304        262144    uint64     sum      -1    27.76  151.07   75.53      0    27.38  153.20   76.60      0
     8388608        524288    uint64     sum      -1    37.11  226.05  113.02      0    36.65  228.90  114.45      0
    16777216       1048576    uint64     sum      -1    53.09  316.03  158.01      0    52.34  320.56  160.28      0
    33554432       2097152    uint64     sum      -1    91.17  368.06  184.03      0    89.09  376.62  188.31      0
    67108864       4194304    uint64     sum      -1    158.6  423.08  211.54      0    156.9  427.60  213.80      0
   134217728       8388608    uint64     sum      -1    284.6  471.63  235.82      0    282.4  475.29  237.64      0
           0             0      half     sum      -1     0.14    0.00    0.00      0     0.12    0.00    0.00      0
          16             4      half     sum      -1     7.31    0.00    0.00      0     7.30    0.00    0.00      0
          32             8      half     sum      -1     7.30    0.00    0.00      0     7.30    0.00    0.00      0
          64            16      half     sum      -1     7.36    0.01    0.00      0     7.32    0.01    0.00      0
         128            32      half     sum      -1     7.42    0.02    0.01      0     7.34    0.02    0.01      0
         256            64      half     sum      -1     7.43    0.03    0.02      0     7.35    0.03    0.02      0
         512           128      half     sum      -1     7.53    0.07    0.03      0     7.33    0.07    0.03      0
        1024           256      half     sum      -1     7.50    0.14    0.07      0     7.35    0.14    0.07      0
        2048           512      half     sum      -1     7.48    0.27    0.14      0     7.40    0.28    0.14      0
        4096          1024      half     sum      -1     7.55    0.54    0.27      0     7.48    0.55    0.27      0
        8192          2048      half     sum      -1     7.81    1.05    0.52      0     7.73    1.06    0.53      0
       16384          4096      half     sum      -1     7.94    2.06    1.03      0     7.88    2.08    1.04      0
       32768          8192      half     sum      -1     8.14    4.03    2.01      0     8.14    4.03    2.01      0
       65536         16384      half     sum      -1     8.31    7.89    3.94      0     8.33    7.86    3.93      0
      131072         32768      half     sum      -1     8.50   15.42    7.71      0     8.58   15.27    7.64      0
      262144         65536      half     sum      -1     9.55   27.45   13.73      0     9.55   27.46   13.73      0
      524288        131072      half     sum      -1    10.83   48.42   24.21      0    10.88   48.21   24.10      0
     1048576        262144      half     sum      -1    14.27   73.46   36.73      0    14.25   73.56   36.78      0
     2097152        524288      half     sum      -1    20.84  100.63   50.31      0    20.77  100.99   50.49      0
     4194304       1048576      half     sum      -1    26.91  155.88   77.94      0    26.75  156.82   78.41      0
     8388608       2097152      half     sum      -1    35.65  235.32  117.66      0    35.48  236.43  118.21      0
    16777216       4194304      half     sum      -1    52.34  320.57  160.29      0    51.37  326.60  163.30      0
    33554432       8388608      half     sum      -1    92.72  361.88  180.94      0    90.23  371.87  185.93      0
    67108864      16777216      half     sum      -1    164.0  409.23  204.62      0    162.2  413.73  206.87      0
   134217728      33554432      half     sum      -1    293.8  456.84  228.42      0    292.8  458.34  229.17      0
           0             0     float     sum      -1     0.13    0.00    0.00      0     0.13    0.00    0.00      0
           0             0     float     sum      -1     0.13    0.00    0.00      0     0.13    0.00    0.00      0
          32             4     float     sum      -1     7.33    0.00    0.00      0     7.33    0.00    0.00      0
          64             8     float     sum      -1     7.34    0.01    0.00      0     7.31    0.01    0.00      0
         128            16     float     sum      -1     7.39    0.02    0.01      0     7.31    0.02    0.01      0
         256            32     float     sum      -1     7.42    0.03    0.02      0     7.33    0.03    0.02      0
         512            64     float     sum      -1     7.52    0.07    0.03      0     7.32    0.07    0.03      0
        1024           128     float     sum      -1     7.48    0.14    0.07      0     7.34    0.14    0.07      0
        2048           256     float     sum      -1     7.46    0.27    0.14      0     7.39    0.28    0.14      0
        4096           512     float     sum      -1     7.55    0.54    0.27      0     7.47    0.55    0.27      0
        8192          1024     float     sum      -1     7.78    1.05    0.53      0     7.71    1.06    0.53      0
       16384          2048     float     sum      -1     7.92    2.07    1.03      0     7.85    2.09    1.04      0
       32768          4096     float     sum      -1     8.11    4.04    2.02      0     8.15    4.02    2.01      0
       65536          8192     float     sum      -1     8.31    7.89    3.94      0     8.29    7.91    3.95      0
      131072         16384     float     sum      -1     8.47   15.48    7.74      0     8.47   15.47    7.73      0
      262144         32768     float     sum      -1     9.47   27.67   13.84      0     9.48   27.66   13.83      0
      524288         65536     float     sum      -1    10.76   48.73   24.36      0    10.69   49.04   24.52      0
     1048576        131072     float     sum      -1    14.08   74.50   37.25      0    14.06   74.56   37.28      0
     2097152        262144     float     sum      -1    20.42  102.69   51.34      0    20.38  102.88   51.44      0
     4194304        524288     float     sum      -1    27.93  150.20   75.10      0    27.48  152.63   76.32      0
     8388608       1048576     float     sum      -1    37.27  225.10  112.55      0    36.71  228.53  114.26      0
    16777216       2097152     float     sum      -1    53.41  314.10  157.05      0    52.45  319.88  159.94      0
    33554432       4194304     float     sum      -1    91.02  368.65  184.32      0    89.76  373.80  186.90      0
    67108864       8388608     float     sum      -1    159.2  421.66  210.83      0    156.8  427.89  213.94      0
   134217728      16777216     float     sum      -1    284.7  471.40  235.70      0    282.5  475.11  237.55      0
           0             0    double     sum      -1     0.13    0.00    0.00      0     0.13    0.00    0.00      0
           0             0    double     sum      -1     0.13    0.00    0.00      0     0.13    0.00    0.00      0
           0             0    double     sum      -1     0.13    0.00    0.00      0     0.13    0.00    0.00      0
          64             4    double     sum      -1     7.43    0.01    0.00      0     7.35    0.01    0.00      0
         128             8    double     sum      -1     7.37    0.02    0.01      0     7.31    0.02    0.01      0
         256            16    double     sum      -1     7.39    0.03    0.02      0     7.31    0.04    0.02      0
         512            32    double     sum      -1     7.39    0.07    0.03      0     7.31    0.07    0.04      0
        1024            64    double     sum      -1     7.58    0.14    0.07      0     7.32    0.14    0.07      0
        2048           128    double     sum      -1     7.44    0.28    0.14      0     7.37    0.28    0.14      0
        4096           256    double     sum      -1     7.53    0.54    0.27      0     7.46    0.55    0.27      0
        8192           512    double     sum      -1     7.77    1.05    0.53      0     7.68    1.07    0.53      0
       16384          1024    double     sum      -1     7.88    2.08    1.04      0     7.82    2.09    1.05      0
       32768          2048    double     sum      -1     8.07    4.06    2.03      0     8.08    4.05    2.03      0
       65536          4096    double     sum      -1     8.24    7.96    3.98      0     8.25    7.94    3.97      0
      131072          8192    double     sum      -1     8.45   15.52    7.76      0     8.44   15.52    7.76      0
      262144         16384    double     sum      -1     9.45   27.75   13.87      0     9.45   27.74   13.87      0
      524288         32768    double     sum      -1    10.58   49.56   24.78      0    10.59   49.49   24.74      0
     1048576         65536    double     sum      -1    13.83   75.81   37.90      0    13.85   75.70   37.85      0
     2097152        131072    double     sum      -1    20.21  103.75   51.88      0    20.15  104.09   52.05      0
     4194304        262144    double     sum      -1    28.18  148.83   74.42      0    27.94  150.11   75.05      0
     8388608        524288    double     sum      -1    37.90  221.34  110.67      0    37.50  223.68  111.84      0
    16777216       1048576    double     sum      -1    55.55  302.04  151.02      0    54.71  306.65  153.32      0
    33554432       2097152    double     sum      -1    97.80  343.09  171.55      0    94.93  353.48  176.74      0
    67108864       4194304    double     sum      -1    172.5  388.98  194.49      0    170.9  392.71  196.35      0
   134217728       8388608    double     sum      -1    310.7  432.05  216.02      0    309.6  433.48  216.74      0
           0             0  bfloat16     sum      -1     0.13    0.00    0.00      0     0.13    0.00    0.00      0
          16             4  bfloat16     sum      -1     7.30    0.00    0.00      0     7.31    0.00    0.00      0
          32             8  bfloat16     sum      -1     7.30    0.00    0.00      0     7.30    0.00    0.00      0
          64            16  bfloat16     sum      -1     7.36    0.01    0.00      0     7.33    0.01    0.00      0
         128            32  bfloat16     sum      -1     7.42    0.02    0.01      0     7.33    0.02    0.01      0
         256            64  bfloat16     sum      -1     7.43    0.03    0.02      0     7.35    0.03    0.02      0
         512           128  bfloat16     sum      -1     7.53    0.07    0.03      0     7.33    0.07    0.03      0
        1024           256  bfloat16     sum      -1     7.50    0.14    0.07      0     7.36    0.14    0.07      0
        2048           512  bfloat16     sum      -1     7.48    0.27    0.14      0     7.40    0.28    0.14      0
        4096          1024  bfloat16     sum      -1     7.57    0.54    0.27      0     7.48    0.55    0.27      0
        8192          2048  bfloat16     sum      -1     7.82    1.05    0.52      0     7.73    1.06    0.53      0
       16384          4096  bfloat16     sum      -1     7.98    2.05    1.03      0     7.88    2.08    1.04      0
       32768          8192  bfloat16     sum      -1     8.16    4.01    2.01      0     8.13    4.03    2.02      0
       65536         16384  bfloat16     sum      -1     8.32    7.88    3.94      0     8.33    7.87    3.94      0
      131072         32768  bfloat16     sum      -1     8.51   15.40    7.70      0     8.50   15.43    7.71      0
      262144         65536  bfloat16     sum      -1     9.60   27.31   13.66      0     9.55   27.46   13.73      0
      524288        131072  bfloat16     sum      -1    10.81   48.50   24.25      0    10.79   48.57   24.28      0
     1048576        262144  bfloat16     sum      -1    14.30   73.33   36.66      0    14.26   73.54   36.77      0
     2097152        524288  bfloat16     sum      -1    20.73  101.17   50.58      0    20.78  100.92   50.46      0
     4194304       1048576  bfloat16     sum      -1    27.02  155.25   77.62      0    26.63  157.48   78.74      0
     8388608       2097152  bfloat16     sum      -1    35.78  234.44  117.22      0    35.56  235.93  117.97      0
    16777216       4194304  bfloat16     sum      -1    52.39  320.22  160.11      0    51.85  323.58  161.79      0
    33554432       8388608  bfloat16     sum      -1    92.85  361.37  180.68      0    90.11  372.37  186.18      0
    67108864      16777216  bfloat16     sum      -1    164.3  408.34  204.17      0    162.3  413.61  206.80      0
   134217728      33554432  bfloat16     sum      -1    295.1  454.79  227.39      0    291.9  459.87  229.94      0
# Out of bounds values : 0 OK
# Avg bus bandwidth    : 44.1043 
#

