# nThread 1 nGpus 1 minBytes 8 maxBytes 134217728 step: 2(factor) warmup iters: 100 iters: 1000 agg iters: 1 validation: 1 graph: 0
#
# Using devices
#  Rank  0 Group  0 Pid  33717 on   bjys1148 device  0 [0x2a] NVIDIA H20
#  Rank  1 Group  0 Pid  33718 on   bjys1148 device  1 [0x3a] NVIDIA H20
#  Rank  2 Group  0 Pid  33719 on   bjys1148 device  2 [0x4c] NVIDIA H20
#  Rank  3 Group  0 Pid  33720 on   bjys1148 device  3 [0x5c] NVIDIA H20
#
#                                                              out-of-place                       in-place          
#       size         count      type   redop    root     time   algbw   busbw #wrong     time   algbw   busbw #wrong
#        (B)    (elements)                               (us)  (GB/s)  (GB/s)            (us)  (GB/s)  (GB/s)       
           8             2      int8    none       0     7.78    0.00    0.00      0     7.01    0.00    0.00      0
          16             4      int8    none       0     7.18    0.00    0.00      0     7.26    0.00    0.00      0
          32             8      int8    none       0     7.23    0.00    0.00      0     7.26    0.00    0.00      0
          64            16      int8    none       0     7.25    0.01    0.01      0     7.35    0.01    0.01      0
         128            32      int8    none       0     7.28    0.02    0.01      0     7.35    0.02    0.01      0
         256            64      int8    none       0     7.36    0.03    0.03      0     7.35    0.03    0.03      0
         512           128      int8    none       0     7.35    0.07    0.05      0     7.35    0.07    0.05      0
        1024           256      int8    none       0     7.78    0.13    0.10      0     7.29    0.14    0.11      0
        2048           512      int8    none       0     7.43    0.28    0.21      0     7.29    0.28    0.21      0
        4096          1024      int8    none       0     7.43    0.55    0.41      0     7.33    0.56    0.42      0
        8192          2048      int8    none       0     7.33    1.12    0.84      0     7.34    1.12    0.84      0
       16384          4096      int8    none       0     7.71    2.12    1.59      0     7.73    2.12    1.59      0
       32768          8192      int8    none       0     8.49    3.86    2.90      0     8.63    3.80    2.85      0
       65536         16384      int8    none       0    10.30    6.36    4.77      0    10.44    6.28    4.71      0
      131072         32768      int8    none       0    10.07   13.01    9.76      0     9.72   13.49   10.12      0
      262144         65536      int8    none       0    11.11   23.60   17.70      0    10.76   24.36   18.27      0
      524288        131072      int8    none       0    11.46   45.77   34.33      0    11.09   47.28   35.46      0
     1048576        262144      int8    none       0    11.58   90.57   67.93      0    11.24   93.25   69.94      0
     2097152        524288      int8    none       0    14.18  147.95  110.96      0    13.73  152.73  114.55      0
     4194304       1048576      int8    none       0    19.43  215.85  161.89      0    19.17  218.81  164.11      0
     8388608       2097152      int8    none       0    28.56  293.76  220.32      0    28.26  296.82  222.61      0
    16777216       4194304      int8    none       0    46.69  359.32  269.49      0    46.26  362.71  272.03      0
    33554432       8388608      int8    none       0    83.28  402.89  302.17      0    82.37  407.38  305.54      0
    67108864      16777216      int8    none       0    156.8  427.95  320.96      0    156.0  430.14  322.61      0
   134217728      33554432      int8    none       0    299.8  447.65  335.74      0    298.9  449.03  336.77      0
           8             2     uint8    none       0     7.23    0.00    0.00      0     7.25    0.00    0.00      0
          16             4     uint8    none       0     7.23    0.00    0.00      0     7.24    0.00    0.00      0
          32             8     uint8    none       0     7.30    0.00    0.00      0     7.25    0.00    0.00      0
          64            16     uint8    none       0     7.24    0.01    0.01      0     7.29    0.01    0.01      0
         128            32     uint8    none       0     7.28    0.02    0.01      0     7.33    0.02    0.01      0
         256            64     uint8    none       0     7.34    0.03    0.03      0     7.34    0.03    0.03      0
         512           128     uint8    none       0     7.35    0.07    0.05      0     7.34    0.07    0.05      0
        1024           256     uint8    none       0     7.72    0.13    0.10      0     7.28    0.14    0.11      0
        2048           512     uint8    none       0     7.48    0.27    0.21      0     7.32    0.28    0.21      0
        4096          1024     uint8    none       0     7.48    0.55    0.41      0     7.30    0.56    0.42      0
        8192          2048     uint8    none       0     7.35    1.11    0.84      0     7.34    1.12    0.84      0
       16384          4096     uint8    none       0     7.71    2.12    1.59      0     7.74    2.12    1.59      0
       32768          8192     uint8    none       0     8.48    3.86    2.90      0     8.63    3.80    2.85      0
       65536         16384     uint8    none       0    10.29    6.37    4.78      0    10.48    6.25    4.69      0
      131072         32768     uint8    none       0    10.04   13.05    9.79      0     9.72   13.49   10.11      0
      262144         65536     uint8    none       0    11.09   23.64   17.73      0    10.70   24.51   18.38      0
      524288        131072     uint8    none       0    11.42   45.92   34.44      0    11.03   47.53   35.65      0
     1048576        262144     uint8    none       0    11.53   90.93   68.20      0    11.38   92.14   69.11      0
     2097152        524288     uint8    none       0    14.05  149.26  111.95      0    13.60  154.16  115.62      0
     4194304       1048576     uint8    none       0    19.38  216.39  162.29      0    18.93  221.52  166.14      0
     8388608       2097152     uint8    none       0    28.47  294.60  220.95      0    28.15  297.94  223.46      0
    16777216       4194304     uint8    none       0    46.52  360.67  270.50      0    46.21  363.04  272.28      0
    33554432       8388608     uint8    none       0    83.26  403.01  302.26      0    82.10  408.72  306.54      0
    67108864      16777216     uint8    none       0    155.7  430.95  323.21      0    155.8  430.62  322.96      0
   134217728      33554432     uint8    none       0    300.4  446.82  335.11      0    300.1  447.22  335.42      0
           0             0     int32    none       0     0.05    0.00    0.00      0     0.04    0.00    0.00      0
          16             1     int32    none       0     7.23    0.00    0.00      0     7.25    0.00    0.00      0
          32             2     int32    none       0     7.23    0.00    0.00      0     7.25    0.00    0.00      0
          64             4     int32    none       0     7.27    0.01    0.01      0     7.29    0.01    0.01      0
         128             8     int32    none       0     7.28    0.02    0.01      0     7.32    0.02    0.01      0
         256            16     int32    none       0     7.35    0.03    0.03      0     7.34    0.03    0.03      0
         512            32     int32    none       0     7.35    0.07    0.05      0     7.35    0.07    0.05      0
        1024            64     int32    none       0     7.77    0.13    0.10      0     7.29    0.14    0.11      0
        2048           128     int32    none       0     7.48    0.27    0.21      0     7.30    0.28    0.21      0
        4096           256     int32    none       0     7.48    0.55    0.41      0     7.30    0.56    0.42      0
        8192           512     int32    none       0     7.35    1.11    0.84      0     7.34    1.12    0.84      0
       16384          1024     int32    none       0     7.71    2.12    1.59      0     7.74    2.12    1.59      0
       32768          2048     int32    none       0     8.48    3.86    2.90      0     8.62    3.80    2.85      0
       65536          4096     int32    none       0    10.28    6.37    4.78      0    10.45    6.27    4.70      0
      131072          8192     int32    none       0    10.05   13.04    9.78      0     9.81   13.37   10.02      0
      262144         16384     int32    none       0    11.06   23.70   17.77      0    10.79   24.30   18.23      0
      524288         32768     int32    none       0    11.44   45.82   34.36      0    11.02   47.56   35.67      0
     1048576         65536     int32    none       0    11.56   90.67   68.01      0    11.25   93.22   69.91      0
     2097152        131072     int32    none       0    13.90  150.84  113.13      0    13.75  152.54  114.40      0
     4194304        262144     int32    none       0    19.45  215.69  161.77      0    19.10  219.62  164.72      0
     8388608        524288     int32    none       0    28.62  293.15  219.86      0    28.27  296.75  222.56      0
    16777216       1048576     int32    none       0    46.66  359.56  269.67      0    46.29  362.43  271.82      0
    33554432       2097152     int32    none       0    83.46  402.06  301.55      0    82.27  407.84  305.88      0
    67108864       4194304     int32    none       0    156.9  427.59  320.69      0    156.2  429.67  322.25      0
   134217728       8388608     int32    none       0    299.6  448.01  336.01      0    299.1  448.68  336.51      0
           0             0    uint32    none       0     0.05    0.00    0.00      0     0.04    0.00    0.00      0
          16             1    uint32    none       0     7.23    0.00    0.00      0     7.26    0.00    0.00      0
          32             2    uint32    none       0     7.24    0.00    0.00      0     7.31    0.00    0.00      0
          64             4    uint32    none       0     7.24    0.01    0.01      0     7.29    0.01    0.01      0
         128             8    uint32    none       0     7.28    0.02    0.01      0     7.33    0.02    0.01      0
         256            16    uint32    none       0     7.34    0.03    0.03      0     7.35    0.03    0.03      0
         512            32    uint32    none       0     7.35    0.07    0.05      0     7.34    0.07    0.05      0
        1024            64    uint32    none       0     7.77    0.13    0.10      0     7.29    0.14    0.11      0
        2048           128    uint32    none       0     7.48    0.27    0.21      0     7.34    0.28    0.21      0
        4096           256    uint32    none       0     7.49    0.55    0.41      0     7.30    0.56    0.42      0
        8192           512    uint32    none       0     7.34    1.12    0.84      0     7.34    1.12    0.84      0
       16384          1024    uint32    none       0     7.72    2.12    1.59      0     7.74    2.12    1.59      0
       32768          2048    uint32    none       0     8.48    3.86    2.90      0     8.63    3.80    2.85      0
       65536          4096    uint32    none       0    10.28    6.37    4.78      0    10.44    6.28    4.71      0
      131072          8192    uint32    none       0    10.10   12.97    9.73      0     9.72   13.48   10.11      0
      262144         16384    uint32    none       0    11.06   23.70   17.78      0    10.77   24.35   18.26      0
      524288         32768    uint32    none       0    11.46   45.75   34.31      0    10.98   47.73   35.80      0
     1048576         65536    uint32    none       0    11.54   90.86   68.15      0    11.25   93.19   69.89      0
     2097152        131072    uint32    none       0    14.02  149.57  112.17      0    13.62  154.00  115.50      0
     4194304        262144    uint32    none       0    19.37  216.56  162.42      0    18.91  221.76  166.32      0
     8388608        524288    uint32    none       0    28.53  294.04  220.53      0    28.16  297.88  223.41      0
    16777216       1048576    uint32    none       0    46.47  361.02  270.76      0    46.20  363.13  272.35      0
    33554432       2097152    uint32    none       0    83.12  403.68  302.76      0    82.09  408.73  306.55      0
    67108864       4194304    uint32    none       0    156.0  430.30  322.73      0    155.6  431.22  323.41      0
   134217728       8388608    uint32    none       0    300.4  446.80  335.10      0    300.1  447.31  335.48      0
           0             0     int64    none       0     0.05    0.00    0.00      0     0.04    0.00    0.00      0
           0             0     int64    none       0     0.05    0.00    0.00      0     0.05    0.00    0.00      0
          32             1     int64    none       0     7.30    0.00    0.00      0     7.28    0.00    0.00      0
          64             2     int64    none       0     7.24    0.01    0.01      0     7.29    0.01    0.01      0
         128             4     int64    none       0     7.28    0.02    0.01      0     7.33    0.02    0.01      0
         256             8     int64    none       0     7.35    0.03    0.03      0     7.34    0.03    0.03      0
         512            16     int64    none       0     7.35    0.07    0.05      0     7.35    0.07    0.05      0
        1024            32     int64    none       0     7.77    0.13    0.10      0     7.29    0.14    0.11      0
        2048            64     int64    none       0     7.48    0.27    0.21      0     7.34    0.28    0.21      0
        4096           128     int64    none       0     7.48    0.55    0.41      0     7.30    0.56    0.42      0
        8192           256     int64    none       0     7.34    1.12    0.84      0     7.34    1.12    0.84      0
       16384           512     int64    none       0     7.71    2.12    1.59      0     7.74    2.12    1.59      0
       32768          1024     int64    none       0     8.49    3.86    2.90      0     8.63    3.80    2.85      0
       65536          2048     int64    none       0    10.28    6.38    4.78      0    10.43    6.28    4.71      0
      131072          4096     int64    none       0    10.09   12.99    9.74      0     9.72   13.48   10.11      0
      262144          8192     int64    none       0    11.12   23.58   17.68      0    10.76   24.36   18.27      0
      524288         16384     int64    none       0    11.45   45.79   34.34      0    11.03   47.52   35.64      0
     1048576         32768     int64    none       0    11.54   90.85   68.14      0    11.35   92.37   69.28      0
     2097152         65536     int64    none       0    13.91  150.77  113.08      0    13.69  153.14  114.85      0
     4194304        131072     int64    none       0    19.43  215.89  161.92      0    19.01  220.63  165.47      0
     8388608        262144     int64    none       0    28.64  292.90  219.67      0    28.23  297.18  222.89      0
    16777216        524288     int64    none       0    46.73  359.00  269.25      0    46.43  361.32  270.99      0
    33554432       1048576     int64    none       0    82.82  405.13  303.85      0    81.99  409.24  306.93      0
    67108864       2097152     int64    none       0    155.6  431.17  323.38      0    155.7  431.04  323.28      0
   134217728       4194304     int64    none       0    299.9  447.58  335.69      0    299.5  448.21  336.16      0
           0             0    uint64    none       0     0.05    0.00    0.00      0     0.04    0.00    0.00      0
           0             0    uint64    none       0     0.05    0.00    0.00      0     0.04    0.00    0.00      0
          32             1    uint64    none       0     7.23    0.00    0.00      0     7.28    0.00    0.00      0
          64             2    uint64    none       0     7.23    0.01    0.01      0     7.29    0.01    0.01      0
         128             4    uint64    none       0     7.33    0.02    0.01      0     7.32    0.02    0.01      0
         256             8    uint64    none       0     7.35    0.03    0.03      0     7.35    0.03    0.03      0
         512            16    uint64    none       0     7.34    0.07    0.05      0     7.35    0.07    0.05      0
        1024            32    uint64    none       0     7.77    0.13    0.10      0     7.29    0.14    0.11      0
        2048            64    uint64    none       0     7.48    0.27    0.21      0     7.29    0.28    0.21      0
        4096           128    uint64    none       0     7.49    0.55    0.41      0     7.30    0.56    0.42      0
        8192           256    uint64    none       0     7.35    1.12    0.84      0     7.40    1.11    0.83      0
       16384           512    uint64    none       0     7.71    2.13    1.59      0     7.74    2.12    1.59      0
       32768          1024    uint64    none       0     8.49    3.86    2.90      0     8.63    3.80    2.85      0
       65536          2048    uint64    none       0    10.29    6.37    4.78      0    10.44    6.28    4.71      0
      131072          4096    uint64    none       0    10.06   13.03    9.77      0     9.72   13.48   10.11      0
      262144          8192    uint64    none       0    11.12   23.58   17.69      0    10.83   24.22   18.16      0
      524288         16384    uint64    none       0    11.45   45.78   34.33      0    11.03   47.52   35.64      0
     1048576         32768    uint64    none       0    11.57   90.65   67.99      0    11.26   93.09   69.82      0
     2097152         65536    uint64    none       0    13.99  149.88  112.41      0    13.61  154.12  115.59      0
     4194304        131072    uint64    none       0    19.44  215.71  161.79      0    18.97  221.06  165.79      0
     8388608        262144    uint64    none       0    28.51  294.25  220.69      0    28.14  298.15  223.61      0
    16777216        524288    uint64    none       0    46.41  361.52  271.14      0    46.20  363.16  272.37      0
    33554432       1048576    uint64    none       0    83.29  402.87  302.15      0    81.98  409.29  306.97      0
    67108864       2097152    uint64    none       0    155.8  430.65  322.99      0    155.7  431.11  323.33      0
   134217728       4194304    uint64    none       0    300.3  446.90  335.17      0    300.1  447.30  335.47      0
           8             1      half    none       0     7.23    0.00    0.00      0     7.24    0.00    0.00      0
          16             2      half    none       0     7.23    0.00    0.00      0     7.25    0.00    0.00      0
          32             4      half    none       0     7.23    0.00    0.00      0     7.26    0.00    0.00      0
          64             8      half    none       0     7.25    0.01    0.01      0     7.29    0.01    0.01      0
         128            16      half    none       0     7.34    0.02    0.01      0     7.34    0.02    0.01      0
         256            32      half    none       0     7.36    0.03    0.03      0     7.36    0.03    0.03      0
         512            64      half    none       0     7.36    0.07    0.05      0     7.35    0.07    0.05      0
        1024           128      half    none       0     7.72    0.13    0.10      0     7.28    0.14    0.11      0
        2048           256      half    none       0     7.48    0.27    0.21      0     7.29    0.28    0.21      0
        4096           512      half    none       0     7.43    0.55    0.41      0     7.30    0.56    0.42      0
        8192          1024      half    none       0     7.35    1.11    0.84      0     7.39    1.11    0.83      0
       16384          2048      half    none       0     7.72    2.12    1.59      0     7.74    2.12    1.59      0
       32768          4096      half    none       0     8.49    3.86    2.90      0     8.63    3.80    2.85      0
       65536          8192      half    none       0    10.29    6.37    4.78      0    10.46    6.27    4.70      0
      131072         16384      half    none       0    10.07   13.02    9.77      0     9.71   13.49   10.12      0
      262144         32768      half    none       0    11.14   23.53   17.65      0    10.75   24.39   18.29      0
      524288         65536      half    none       0    11.46   45.76   34.32      0    11.11   47.18   35.38      0
     1048576        131072      half    none       0    11.62   90.21   67.66      0    11.28   92.99   69.74      0
     2097152        262144      half    none       0    13.89  150.97  113.22      0    13.76  152.45  114.34      0
     4194304        524288      half    none       0    19.41  216.06  162.04      0    19.16  218.92  164.19      0
     8388608       1048576      half    none       0    28.59  293.38  220.04      0    28.27  296.72  222.54      0
    16777216       2097152      half    none       0    46.67  359.50  269.62      0    46.26  362.70  272.02      0
    33554432       4194304      half    none       0    83.30  402.80  302.10      0    82.40  407.22  305.42      0
    67108864       8388608      half    none       0    157.0  427.53  320.65      0    156.3  429.45  322.09      0
   134217728      16777216      half    none       0    299.5  448.09  336.07      0    299.2  448.61  336.46      0
           0             0     float    none       0     0.05    0.00    0.00      0     0.05    0.00    0.00      0
          16             1     float    none       0     7.24    0.00    0.00      0     7.27    0.00    0.00      0
          32             2     float    none       0     7.24    0.00    0.00      0     7.26    0.00    0.00      0
          64             4     float    none       0     7.25    0.01    0.01      0     7.30    0.01    0.01      0
         128             8     float    none       0     7.29    0.02    0.01      0     7.34    0.02    0.01      0
         256            16     float    none       0     7.35    0.03    0.03      0     7.35    0.03    0.03      0
         512            32     float    none       0     7.35    0.07    0.05      0     7.41    0.07    0.05      0
        1024            64     float    none       0     7.77    0.13    0.10      0     7.29    0.14    0.11      0
        2048           128     float    none       0     7.48    0.27    0.21      0     7.29    0.28    0.21      0
        4096           256     float    none       0     7.43    0.55    0.41      0     7.30    0.56    0.42      0
        8192           512     float    none       0     7.35    1.12    0.84      0     7.34    1.12    0.84      0
       16384          1024     float    none       0     7.72    2.12    1.59      0     7.74    2.12    1.59      0
       32768          2048     float    none       0     8.49    3.86    2.89      0     8.67    3.78    2.83      0
       65536          4096     float    none       0    10.28    6.37    4.78      0    10.44    6.28    4.71      0
      131072          8192     float    none       0    10.04   13.06    9.79      0     9.72   13.48   10.11      0
      262144         16384     float    none       0    11.11   23.60   17.70      0    10.74   24.40   18.30      0
      524288         32768     float    none       0    11.47   45.72   34.29      0    11.02   47.56   35.67      0
     1048576         65536     float    none       0    11.55   90.78   68.09      0    11.26   93.15   69.86      0
     2097152        131072     float    none       0    14.03  149.52  112.14      0    13.59  154.37  115.78      0
     4194304        262144     float    none       0    19.32  217.14  162.86      0    18.94  221.45  166.09      0
     8388608        524288     float    none       0    28.52  294.16  220.62      0    28.16  297.92  223.44      0
    16777216       1048576     float    none       0    46.59  360.14  270.10      0    46.17  363.37  272.53      0
    33554432       2097152     float    none       0    83.20  403.29  302.47      0    81.93  409.53  307.15      0
    67108864       4194304     float    none       0    155.8  430.75  323.06      0    155.7  431.03  323.27      0
   134217728       8388608     float    none       0    300.4  446.86  335.14      0    300.1  447.30  335.47      0
           0             0    double    none       0     0.05    0.00    0.00      0     0.04    0.00    0.00      0
           0             0    double    none       0     0.05    0.00    0.00      0     0.04    0.00    0.00      0
          32             1    double    none       0     7.25    0.00    0.00      0     7.29    0.00    0.00      0
          64             2    double    none       0     7.25    0.01    0.01      0     7.30    0.01    0.01      0
         128             4    double    none       0     7.29    0.02    0.01      0     7.34    0.02    0.01      0
         256             8    double    none       0     7.35    0.03    0.03      0     7.34    0.03    0.03      0
         512            16    double    none       0     7.40    0.07    0.05      0     7.35    0.07    0.05      0
        1024            32    double    none       0     7.71    0.13    0.10      0     7.29    0.14    0.11      0
        2048            64    double    none       0     7.48    0.27    0.21      0     7.30    0.28    0.21      0
        4096           128    double    none       0     7.49    0.55    0.41      0     7.30    0.56    0.42      0
        8192           256    double    none       0     7.35    1.12    0.84      0     7.35    1.11    0.84      0
       16384           512    double    none       0     7.72    2.12    1.59      0     7.74    2.12    1.59      0
       32768          1024    double    none       0     8.48    3.86    2.90      0     8.68    3.77    2.83      0
       65536          2048    double    none       0    10.50    6.24    4.68      0    10.29    6.37    4.78      0
      131072          4096    double    none       0    10.06   13.03    9.77      0     9.72   13.48   10.11      0
      262144          8192    double    none       0    11.10   23.63   17.72      0    10.77   24.34   18.25      0
      524288         16384    double    none       0    11.42   45.91   34.43      0    11.11   47.20   35.40      0
     1048576         32768    double    none       0    11.52   91.02   68.26      0    11.26   93.09   69.82      0
     2097152         65536    double    none       0    13.95  150.32  112.74      0    13.65  153.63  115.22      0
     4194304        131072    double    none       0    19.39  216.31  162.23      0    19.02  220.51  165.38      0
     8388608        262144    double    none       0    28.70  292.33  219.25      0    28.27  296.72  222.54      0
    16777216        524288    double    none       0    46.80  358.50  268.88      0    46.45  361.15  270.86      0
    33554432       1048576    double    none       0    82.87  404.93  303.70      0    81.75  410.46  307.85      0
    67108864       2097152    double    none       0    155.8  430.84  323.13      0    155.7  431.05  323.29      0
   134217728       4194304    double    none       0    299.9  447.61  335.70      0    299.4  448.25  336.19      0
           8             1  bfloat16    none       0     7.22    0.00    0.00      0     7.24    0.00    0.00      0
          16             2  bfloat16    none       0     7.23    0.00    0.00      0     7.24    0.00    0.00      0
          32             4  bfloat16    none       0     7.23    0.00    0.00      0     7.26    0.00    0.00      0
          64             8  bfloat16    none       0     7.25    0.01    0.01      0     7.29    0.01    0.01      0
         128            16  bfloat16    none       0     7.28    0.02    0.01      0     7.33    0.02    0.01      0
         256            32  bfloat16    none       0     7.35    0.03    0.03      0     7.34    0.03    0.03      0
         512            64  bfloat16    none       0     7.40    0.07    0.05      0     7.35    0.07    0.05      0
        1024           128  bfloat16    none       0     7.74    0.13    0.10      0     7.28    0.14    0.11      0
        2048           256  bfloat16    none       0     7.48    0.27    0.21      0     7.29    0.28    0.21      0
        4096           512  bfloat16    none       0     7.43    0.55    0.41      0     7.30    0.56    0.42      0
        8192          1024  bfloat16    none       0     7.34    1.12    0.84      0     7.34    1.12    0.84      0
       16384          2048  bfloat16    none       0     7.72    2.12    1.59      0     7.74    2.12    1.59      0
       32768          4096  bfloat16    none       0     8.53    3.84    2.88      0     8.63    3.80    2.85      0
       65536          8192  bfloat16    none       0    10.29    6.37    4.78      0    10.45    6.27    4.70      0
      131072         16384  bfloat16    none       0    10.03   13.07    9.80      0     9.72   13.48   10.11      0
      262144         32768  bfloat16    none       0    11.09   23.64   17.73      0    10.74   24.40   18.30      0
      524288         65536  bfloat16    none       0    11.42   45.92   34.44      0    11.02   47.57   35.68      0
     1048576        131072  bfloat16    none       0    11.56   90.71   68.03      0    11.31   92.68   69.51      0
     2097152        262144  bfloat16    none       0    13.85  151.39  113.55      0    13.63  153.87  115.40      0
     4194304        524288  bfloat16    none       0    19.40  216.25  162.19      0    19.01  220.59  165.45      0
     8388608       1048576  bfloat16    none       0    28.62  293.15  219.86      0    28.28  296.61  222.46      0
    16777216       2097152  bfloat16    none       0    46.72  359.12  269.34      0    46.49  360.85  270.63      0
    33554432       4194304  bfloat16    none       0    83.32  402.71  302.03      0    82.12  408.62  306.47      0
    67108864       8388608  bfloat16    none       0    156.3  429.27  321.95      0    155.9  430.41  322.81      0
   134217728      16777216  bfloat16    none       0    300.0  447.46  335.59      0    299.9  447.55  335.66      0
# Out of bounds values : 0 OK
# Avg bus bandwidth    : 75.0195 
#

