Bothway Bandwidth, Device:0
Transfer Size		Avg(GB/s)				Min(GB/s)		Max(GB/s)
0x10			0.012384(0.005619,0.006765)		0.012107		0.011295
0x20			0.024726(0.011209,0.013517)		0.024351		0.022505
0x40			0.049000(0.022244,0.026756)		0.048741		0.044628
0x80			0.097763(0.044390,0.053374)		0.096598		0.089140
0x100			0.196553(0.088948,0.107604)		0.193387		0.178787
0x200			0.389407(0.175943,0.213465)		0.385205		0.354096
0x400			0.776989(0.350815,0.426174)		0.772221		0.704083
0x800			1.519438(0.687988,0.831450)		1.503659		1.380868
0x1000			2.994834(1.350707,1.644127)		2.979484		2.709219
0x2000			5.372386(2.594410,2.777976)		5.351651		5.196115
0x4000			10.164980(4.933922,5.231057)		10.121678		9.884766
0x8000			16.712538(8.339832,8.372706)		16.669288		16.771849
0x10000			26.962350(13.471121,13.491229)		26.876249		27.007753
0x20000			38.164057(18.918928,19.245129)		37.835106		37.936903
0x40000			58.186632(29.093735,29.092898)		57.631878		59.650203
0x80000			69.262257(34.711367,34.550890)		69.077670		69.534218
0x100000		81.709888(44.781285,36.928603)		81.648554		89.609913
0x200000		87.647070(49.050452,38.596618)		87.624522		98.135330
0x400000		90.788954(51.391153,39.397801)		90.691924		102.826771
0x800000		92.484260(52.652394,39.831866)		92.456829		105.387005
0x1000000		93.214722(53.261459,39.953263)		93.183447		106.552450
0x2000000		92.594166(52.906451,39.687715)		92.365402		106.023967
0x4000000		89.767419(51.104774,38.662644)		89.648385		102.447630

