Peer to Peer Bandwidth, Device:0<-->Device:1
Transfer Size		Avg(GB/s)				Min(GB/s)		Max(GB/s)
0x10			0.003834(0.001917,0.001917)		0.003736		0.003889
0x20			0.007772(0.003886,0.003887)		0.007709		0.007833
0x40			0.015486(0.007745,0.007742)		0.015456		0.015539
0x80			0.031021(0.015514,0.015507)		0.030845		0.031200
0x100			0.062237(0.031125,0.031112)		0.061619		0.062755
0x200			0.124225(0.062139,0.062086)		0.123611		0.125021
0x400			0.247427(0.123780,0.123647)		0.245439		0.250061
0x800			0.497813(0.248968,0.248845)		0.496786		0.499760
0x1000			0.988233(0.494174,0.494060)		0.983028		0.993045
0x2000			1.989411(0.995383,0.994028)		1.976070		1.997973
0x4000			3.960451(1.980548,1.979903)		3.951597		3.974739
0x8000			7.911776(3.956230,3.955546)		7.871010		7.957321
0x10000			15.573390(7.771791,7.801599)		15.304523		15.774583
0x20000			22.811244(11.459816,11.351428)		22.452234		23.283579
0x40000			34.129457(17.069960,17.059497)		33.815450		34.388702
0x80000			48.115215(24.067488,24.047727)		47.909973		48.301998
0x100000		62.683756(31.318718,31.365039)		62.485564		62.939736
0x200000		83.037232(41.144845,41.892387)		82.691306		82.813643
0x400000		95.495116(46.550979,48.944138)		95.344900		93.283844
0x800000		101.937487(50.236450,51.701037)		101.761781		100.592818
0x1000000		107.668270(53.435272,54.232998)		107.383069		106.982093
0x2000000		109.278603(54.452449,54.826153)		109.111002		109.098373
0x4000000		110.270336(55.029122,55.241213)		110.170407		110.121183

