Peer to Peer Bandwidth, Device:0<-->Device:1
Transfer Size		Avg(GB/s)				Min(GB/s)		Max(GB/s)
0x10			0.001762(0.000860,0.000903)		0.001609		0.001910
0x20			0.003454(0.001767,0.001688)		0.003178		0.004236
0x40			0.006645(0.003293,0.003352)		0.006402		0.006896
0x80			0.013470(0.006615,0.006854)		0.012221		0.014185
0x100			0.026944(0.013644,0.013299)		0.025130		0.028661
0x200			0.054294(0.027844,0.026450)		0.049663		0.061315
0x400			0.108446(0.052916,0.055530)		0.101601		0.111055
0x800			0.212393(0.107026,0.105366)		0.203177		0.232843
0x1000			0.432450(0.220049,0.212401)		0.400838		0.503040
0x2000			0.856560(0.430425,0.426134)		0.821558		0.872461
0x4000			1.680790(0.830601,0.850189)		1.589894		1.779993
0x8000			3.358104(1.664621,1.693483)		3.072123		3.510054
0x10000			6.298886(3.163401,3.135485)		5.905957		6.570746
0x20000			10.458617(5.115427,5.343190)		9.719096		11.240714
0x40000			17.491589(8.899540,8.592049)		16.561494		19.034952
0x80000			27.863238(13.648103,14.215135)		25.178694		29.170665
0x100000		37.485371(18.936021,18.549350)		33.741910		43.722833
0x200000		52.332343(26.493601,25.838742)		50.204862		54.101945
0x400000		60.971269(30.409723,30.561546)		58.142437		62.740113
0x800000		68.454055(34.867683,33.586372)		65.984032		73.365872
0x1000000		75.737952(37.488699,38.249252)		73.939818		76.568249
0x2000000		75.578178(36.513410,39.064768)		72.518278		74.775321
0x4000000		74.336930(37.523382,36.813548)		72.667360		77.499515

